/*--------------------------------*- C++ -*----------------------------------*\
| =========                 |                                                 |
| \\      /  F ield         | OpenFOAM: The Open Source CFD Toolbox           |
|  \\    /   O peration     | Version:  v1912                                 |
|   \\  /    A nd           | Website:  www.openfoam.com                      |
|    \\/     M anipulation  |                                                 |
\*---------------------------------------------------------------------------*/
FoamFile
{
    version     2.0;
    format      ascii;
    class       volScalarField;
    location    "1000";
    object      p;
}
// * * * * * * * * * * * * * * * * * * * * * * * * * * * * * * * * * * * * * //

dimensions      [1 -1 -2 0 0 0 0];


internalField   nonuniform List<scalar> 
9900
(
0.717284
0.717534
0.71764
0.717822
0.717879
0.717942
0.717902
0.717828
0.717674
0.717462
0.717177
0.716848
0.716483
0.716075
0.715622
0.715157
0.714731
0.714388
0.714185
0.714158
0.714454
0.715214
0.716541
0.71888
0.72202
0.715761
0.715591
0.715717
0.715602
0.715596
0.715489
0.715412
0.715247
0.715116
0.714928
0.714745
0.714556
0.714373
0.714218
0.7141
0.714031
0.714018
0.714065
0.71421
0.714569
0.715141
0.715898
0.716642
0.716594
0.714985
0.714377
0.714288
0.714286
0.714222
0.714168
0.714086
0.714006
0.7139
0.713797
0.713693
0.713606
0.713541
0.713493
0.713473
0.713496
0.713579
0.713724
0.713953
0.714279
0.714712
0.715196
0.715704
0.716219
0.716622
0.717464
0.714353
0.714407
0.714341
0.714365
0.714301
0.714271
0.71418
0.714127
0.71402
0.713928
0.713845
0.713775
0.713725
0.713688
0.71368
0.713723
0.713826
0.714014
0.714298
0.71466
0.71509
0.715608
0.716254
0.716941
0.71759
0.714711
0.714721
0.71467
0.714635
0.71457
0.714493
0.7144
0.714304
0.714187
0.714076
0.713969
0.713878
0.713804
0.713751
0.713739
0.713773
0.71386
0.714026
0.714281
0.714629
0.715081
0.715649
0.716307
0.716917
0.717409
0.714861
0.714804
0.714742
0.714649
0.71456
0.714441
0.714328
0.714192
0.714066
0.713943
0.713832
0.71374
0.713672
0.713634
0.713637
0.713688
0.713799
0.713984
0.714256
0.714626
0.715092
0.715648
0.716263
0.716849
0.717391
0.714829
0.714748
0.714661
0.714554
0.714449
0.714321
0.714182
0.714043
0.713905
0.71378
0.713678
0.713599
0.713547
0.713529
0.713548
0.713615
0.713745
0.713948
0.714235
0.714611
0.71507
0.7156
0.716188
0.716778
0.717322
0.714793
0.714699
0.714594
0.714478
0.714358
0.714224
0.714079
0.71394
0.713801
0.713679
0.713583
0.713514
0.713474
0.713467
0.713497
0.713576
0.713716
0.713927
0.714217
0.714588
0.715034
0.715541
0.716101
0.716676
0.71721
0.714794
0.714684
0.714565
0.714436
0.714301
0.714157
0.714007
0.713863
0.713725
0.713605
0.713513
0.713449
0.713418
0.71342
0.713459
0.713547
0.713694
0.713907
0.714196
0.714559
0.714989
0.715473
0.715999
0.716546
0.717066
0.714803
0.714677
0.714544
0.714401
0.714253
0.714099
0.713942
0.713792
0.713653
0.713537
0.713448
0.71339
0.713365
0.713375
0.713423
0.713519
0.713671
0.713886
0.714169
0.714521
0.714936
0.715398
0.715891
0.716403
0.7169
0.714802
0.714663
0.714516
0.714362
0.714203
0.714041
0.713879
0.713725
0.713588
0.713473
0.713389
0.713338
0.713321
0.713338
0.713394
0.713495
0.713649
0.713863
0.71414
0.71448
0.714879
0.715318
0.715782
0.716259
0.716724
0.714788
0.714641
0.714482
0.71432
0.714154
0.713986
0.713822
0.713668
0.713532
0.713422
0.713342
0.713297
0.713286
0.71331
0.713371
0.713477
0.713632
0.713843
0.71411
0.714436
0.714816
0.715234
0.715672
0.716116
0.716549
0.714772
0.714617
0.71445
0.714282
0.71411
0.71394
0.713775
0.713622
0.713489
0.713382
0.713308
0.713268
0.713263
0.713292
0.713357
0.713465
0.713619
0.713825
0.714082
0.714392
0.714752
0.715147
0.715561
0.715976
0.716379
0.714756
0.714595
0.714423
0.71425
0.714075
0.713903
0.713739
0.713588
0.713458
0.713355
0.713285
0.713251
0.71325
0.713283
0.713351
0.713459
0.71361
0.713808
0.714054
0.714347
0.714686
0.715058
0.715448
0.715838
0.716214
0.714742
0.714576
0.7144
0.714224
0.714048
0.713876
0.713713
0.713564
0.713438
0.71334
0.713275
0.713244
0.713246
0.713281
0.71335
0.713457
0.713603
0.713793
0.714027
0.714304
0.714621
0.714969
0.715335
0.715701
0.716053
0.71473
0.71456
0.714382
0.714205
0.714029
0.713857
0.713696
0.713551
0.713429
0.713335
0.713274
0.713246
0.713251
0.713287
0.713355
0.713459
0.7136
0.713781
0.714001
0.714261
0.714557
0.714882
0.715223
0.715565
0.715894
0.714719
0.714548
0.71437
0.714193
0.714017
0.713848
0.71369
0.713548
0.71343
0.71334
0.713282
0.713257
0.713263
0.713299
0.713366
0.713465
0.713599
0.71377
0.713978
0.714221
0.714496
0.714797
0.715114
0.715432
0.715739
0.714711
0.71454
0.714364
0.714187
0.714014
0.713847
0.713692
0.713555
0.713441
0.713354
0.713299
0.713275
0.713281
0.713316
0.71338
0.713475
0.713602
0.713762
0.713956
0.714182
0.714437
0.714716
0.715008
0.715303
0.715587
0.714707
0.714537
0.714363
0.714189
0.714018
0.713855
0.713704
0.713571
0.71346
0.713377
0.713323
0.7133
0.713306
0.713339
0.713399
0.713488
0.713606
0.713756
0.713937
0.714146
0.714382
0.714638
0.714908
0.715179
0.715442
0.714708
0.71454
0.714369
0.714198
0.71403
0.713871
0.713724
0.713594
0.713487
0.713406
0.713354
0.71333
0.713335
0.713365
0.713421
0.713503
0.713613
0.713752
0.713919
0.714113
0.71433
0.714565
0.714813
0.715062
0.715303
0.714713
0.714548
0.71438
0.714213
0.714049
0.713894
0.713751
0.713625
0.713521
0.713442
0.71339
0.713366
0.713368
0.713394
0.713445
0.713521
0.713622
0.71375
0.713903
0.714081
0.714281
0.714497
0.714723
0.714951
0.715172
0.714722
0.714561
0.714397
0.714234
0.714075
0.713923
0.713784
0.713662
0.71356
0.713482
0.713431
0.713405
0.713404
0.713426
0.713472
0.71354
0.713632
0.713749
0.713889
0.714052
0.714235
0.714432
0.714638
0.714847
0.715049
0.714735
0.714579
0.71442
0.714261
0.714106
0.713958
0.713823
0.713704
0.713604
0.713527
0.713475
0.713447
0.713443
0.713461
0.7135
0.713561
0.713644
0.713749
0.713877
0.714025
0.714191
0.714371
0.714558
0.714748
0.714932
0.714753
0.714601
0.714446
0.714292
0.714142
0.713999
0.713867
0.71375
0.713652
0.713576
0.713523
0.713492
0.713484
0.713497
0.713529
0.713583
0.713656
0.713751
0.713865
0.713999
0.71415
0.714313
0.714483
0.714655
0.714822
0.714774
0.714627
0.714478
0.714328
0.714182
0.714043
0.713915
0.7138
0.713704
0.713628
0.713573
0.713539
0.713527
0.713534
0.71356
0.713605
0.713669
0.713753
0.713855
0.713975
0.714111
0.714257
0.714411
0.714566
0.714718
0.714799
0.714658
0.714513
0.714368
0.714226
0.714091
0.713966
0.713854
0.713758
0.713681
0.713625
0.713588
0.713571
0.713572
0.713591
0.713628
0.713683
0.713756
0.713846
0.713953
0.714074
0.714205
0.714343
0.714482
0.714619
0.714828
0.714691
0.714551
0.714411
0.714274
0.714142
0.71402
0.71391
0.713815
0.713737
0.713678
0.713638
0.713615
0.713611
0.713623
0.713652
0.713698
0.71376
0.713838
0.713932
0.714038
0.714154
0.714277
0.714402
0.714525
0.71486
0.714728
0.714593
0.714458
0.714324
0.714196
0.714076
0.713968
0.713873
0.713794
0.713733
0.713688
0.713661
0.71365
0.713655
0.713676
0.713712
0.713764
0.713831
0.713911
0.714004
0.714106
0.714214
0.714325
0.714434
0.714895
0.714768
0.714638
0.714507
0.714377
0.714252
0.714135
0.714027
0.713933
0.713852
0.713788
0.713739
0.713707
0.713689
0.713687
0.713699
0.713727
0.713768
0.713823
0.713892
0.713971
0.71406
0.714154
0.714251
0.714348
0.714932
0.714811
0.714685
0.714558
0.714432
0.71431
0.714194
0.714088
0.713993
0.713911
0.713844
0.713791
0.713753
0.713729
0.713719
0.713723
0.713741
0.713772
0.713816
0.713873
0.713939
0.714015
0.714096
0.71418
0.714264
0.714973
0.714856
0.714734
0.714611
0.714489
0.714369
0.714256
0.71415
0.714054
0.71397
0.7139
0.713842
0.713799
0.713768
0.713751
0.713747
0.713755
0.713776
0.713809
0.713854
0.713908
0.713971
0.714039
0.714111
0.714184
0.715016
0.714903
0.714786
0.714667
0.714547
0.71443
0.714318
0.714212
0.714116
0.71403
0.713956
0.713894
0.713844
0.713807
0.713782
0.71377
0.713769
0.71378
0.713802
0.713835
0.713877
0.713927
0.713983
0.714043
0.714105
0.715061
0.714953
0.71484
0.714724
0.714607
0.714492
0.714381
0.714275
0.714178
0.71409
0.714012
0.713945
0.71389
0.713846
0.713814
0.713792
0.713782
0.713783
0.713795
0.713816
0.713847
0.713885
0.713929
0.713977
0.714028
0.715109
0.715005
0.714895
0.714783
0.714668
0.714555
0.714445
0.714339
0.71424
0.714149
0.714068
0.713996
0.713935
0.713884
0.713844
0.713814
0.713795
0.713786
0.713787
0.713797
0.713816
0.713842
0.713875
0.713912
0.713953
0.71516
0.715059
0.714953
0.714843
0.714731
0.714619
0.714509
0.714403
0.714303
0.714209
0.714124
0.714047
0.71398
0.713922
0.713874
0.713836
0.713807
0.713788
0.713778
0.713778
0.713785
0.7138
0.713821
0.713848
0.713878
0.715213
0.715116
0.715012
0.714905
0.714795
0.714684
0.714575
0.714468
0.714365
0.714269
0.714179
0.714097
0.714024
0.713959
0.713903
0.713856
0.713818
0.713789
0.713769
0.713757
0.713754
0.713757
0.713768
0.713784
0.713804
0.715268
0.715174
0.715074
0.714969
0.714861
0.714751
0.714641
0.714533
0.714428
0.714329
0.714235
0.714147
0.714068
0.713995
0.713931
0.713876
0.713828
0.713789
0.713759
0.713736
0.713721
0.713714
0.713714
0.713719
0.71373
0.715326
0.715235
0.715138
0.715035
0.714928
0.714818
0.714708
0.714599
0.714492
0.714388
0.71429
0.714197
0.714111
0.714031
0.713959
0.713894
0.713837
0.713788
0.713747
0.713714
0.713688
0.71367
0.713659
0.713654
0.713656
0.715387
0.715299
0.715203
0.715102
0.714996
0.714887
0.714776
0.714665
0.714555
0.714448
0.714345
0.714246
0.714153
0.714066
0.713986
0.713912
0.713845
0.713786
0.713734
0.71369
0.713654
0.713625
0.713603
0.713588
0.71358
0.71545
0.715365
0.715272
0.715172
0.715066
0.714957
0.714845
0.714732
0.714619
0.714508
0.7144
0.714295
0.714195
0.714101
0.714011
0.713928
0.713852
0.713783
0.71372
0.713666
0.713618
0.713578
0.713546
0.713521
0.713504
0.715516
0.715434
0.715342
0.715243
0.715138
0.715028
0.714915
0.7148
0.714684
0.714569
0.714455
0.714344
0.714237
0.714134
0.714036
0.713944
0.713858
0.713778
0.713705
0.713639
0.713581
0.71353
0.713487
0.713452
0.713425
0.715586
0.715505
0.715416
0.715318
0.715213
0.715102
0.714987
0.714869
0.714749
0.714629
0.71451
0.714393
0.714278
0.714167
0.71406
0.713958
0.713862
0.713772
0.713688
0.713611
0.713542
0.71348
0.713427
0.713382
0.713345
0.715659
0.71558
0.715492
0.715394
0.715289
0.715177
0.71506
0.714939
0.714816
0.714691
0.714566
0.714441
0.714319
0.714199
0.714083
0.713972
0.713865
0.713764
0.713669
0.713581
0.713501
0.713428
0.713364
0.713309
0.713262
0.715735
0.715659
0.715571
0.715474
0.715368
0.715255
0.715135
0.715011
0.714883
0.714753
0.714621
0.71449
0.71436
0.714231
0.714106
0.713984
0.713867
0.713755
0.713649
0.71355
0.713458
0.713374
0.713299
0.713233
0.713177
0.715815
0.71574
0.715654
0.715556
0.715449
0.715334
0.715212
0.715084
0.714951
0.714816
0.714678
0.714539
0.7144
0.714263
0.714127
0.713995
0.713867
0.713744
0.713627
0.713516
0.713413
0.713317
0.713231
0.713155
0.713088
0.7159
0.715826
0.71574
0.715642
0.715534
0.715417
0.715291
0.715159
0.715022
0.71488
0.714735
0.714588
0.714441
0.714294
0.714148
0.714005
0.713866
0.713731
0.713602
0.71348
0.713365
0.713258
0.713161
0.713073
0.712996
0.715988
0.715916
0.71583
0.715731
0.715622
0.715502
0.715373
0.715236
0.715093
0.714945
0.714793
0.714638
0.714481
0.714324
0.714168
0.714014
0.713864
0.713717
0.713576
0.713442
0.713314
0.713196
0.713087
0.712988
0.712901
0.716081
0.71601
0.715924
0.715824
0.715713
0.71559
0.715457
0.715316
0.715167
0.715012
0.714851
0.714688
0.714522
0.714355
0.714188
0.714023
0.71386
0.713701
0.713548
0.713401
0.713261
0.713131
0.71301
0.712899
0.712801
0.716179
0.716108
0.716022
0.715922
0.715808
0.715682
0.715545
0.715398
0.715243
0.71508
0.714912
0.714739
0.714563
0.714385
0.714207
0.71403
0.713855
0.713684
0.713517
0.713358
0.713205
0.713062
0.712929
0.712807
0.712697
0.716282
0.716212
0.716125
0.716023
0.715907
0.715777
0.715635
0.715483
0.715321
0.71515
0.714973
0.71479
0.714604
0.714415
0.714225
0.714036
0.713848
0.713664
0.713485
0.713312
0.713146
0.71299
0.712844
0.71271
0.712588
0.716391
0.716321
0.716233
0.716129
0.71601
0.715876
0.715729
0.715571
0.715401
0.715222
0.715036
0.714843
0.714646
0.714445
0.714243
0.714041
0.71384
0.713642
0.71345
0.713263
0.713084
0.712914
0.712755
0.712608
0.712475
0.716505
0.716435
0.716347
0.716241
0.716118
0.71598
0.715827
0.715662
0.715484
0.715297
0.7151
0.714897
0.714688
0.714475
0.71426
0.714045
0.71383
0.713619
0.713412
0.713211
0.713018
0.712835
0.712662
0.712502
0.712356
0.716626
0.716556
0.716466
0.716357
0.716231
0.716088
0.715929
0.715756
0.71557
0.715373
0.715167
0.714952
0.714731
0.714505
0.714277
0.714048
0.713819
0.713593
0.713372
0.713156
0.712949
0.712751
0.712565
0.712391
0.712231
0.716753
0.716682
0.716591
0.716479
0.716349
0.7162
0.716035
0.715855
0.71566
0.715453
0.715235
0.715009
0.714775
0.714536
0.714293
0.71405
0.713806
0.713565
0.713329
0.713098
0.712876
0.712663
0.712462
0.712274
0.712101
0.716886
0.716816
0.716722
0.716608
0.716473
0.716318
0.716146
0.715957
0.715753
0.715535
0.715306
0.715067
0.71482
0.714566
0.714309
0.71405
0.713792
0.713535
0.713283
0.713037
0.712799
0.712571
0.712355
0.712152
0.711965
0.717028
0.716956
0.716861
0.716742
0.716602
0.716442
0.716262
0.716064
0.715849
0.715621
0.715379
0.715126
0.714865
0.714597
0.714325
0.71405
0.713775
0.713502
0.713234
0.712971
0.712718
0.712474
0.712242
0.712024
0.711822
0.717176
0.717104
0.717006
0.716884
0.716739
0.716571
0.716383
0.716175
0.71595
0.715709
0.715454
0.715188
0.714912
0.714628
0.71434
0.714048
0.713757
0.713467
0.713181
0.712902
0.712632
0.712371
0.712124
0.71189
0.711672
0.717333
0.71726
0.717159
0.717033
0.716881
0.716706
0.716509
0.716291
0.716055
0.715801
0.715532
0.715251
0.714959
0.71466
0.714354
0.714045
0.713736
0.713429
0.713126
0.712829
0.712541
0.712264
0.711999
0.711749
0.711515
0.717499
0.717424
0.71732
0.717189
0.717031
0.716848
0.716642
0.716413
0.716164
0.715897
0.715613
0.715316
0.715008
0.714691
0.714368
0.714041
0.713713
0.713388
0.713066
0.712751
0.712445
0.71215
0.711869
0.711602
0.711351
0.717674
0.717597
0.71749
0.717353
0.717189
0.716997
0.71678
0.71654
0.716278
0.715996
0.715697
0.715383
0.715058
0.714722
0.714381
0.714035
0.713688
0.713343
0.713002
0.712668
0.712344
0.712031
0.711731
0.711447
0.711179
0.717858
0.717779
0.717668
0.717526
0.717354
0.717153
0.716926
0.716672
0.716396
0.716099
0.715784
0.715453
0.715108
0.714754
0.714393
0.714027
0.71366
0.713295
0.712934
0.712581
0.712237
0.711905
0.711587
0.711284
0.710999
0.718052
0.717971
0.717856
0.717708
0.717528
0.717317
0.717078
0.716811
0.71652
0.716207
0.715874
0.715524
0.71516
0.714786
0.714403
0.714017
0.713629
0.713243
0.712861
0.712487
0.712123
0.711772
0.711435
0.711114
0.71081
0.718257
0.718174
0.718054
0.7179
0.717711
0.717489
0.717237
0.716956
0.716649
0.716318
0.715967
0.715597
0.715213
0.714817
0.714413
0.714004
0.713594
0.713186
0.712783
0.712388
0.712003
0.711631
0.711275
0.710935
0.710612
0.718473
0.718388
0.718263
0.718101
0.717903
0.71767
0.717404
0.717108
0.716784
0.716434
0.716063
0.715672
0.715266
0.714848
0.714421
0.713989
0.713556
0.713125
0.712699
0.712282
0.711876
0.711483
0.711106
0.710746
0.710405
0.718701
0.718613
0.718483
0.718313
0.718104
0.717859
0.717579
0.717266
0.716924
0.716555
0.716162
0.715749
0.71532
0.714878
0.714427
0.713971
0.713513
0.713058
0.712609
0.712169
0.71174
0.711326
0.710928
0.710548
0.710188
0.718942
0.71885
0.718714
0.718536
0.718316
0.718058
0.717762
0.717432
0.71707
0.71668
0.716264
0.715828
0.715374
0.714907
0.71443
0.713948
0.713466
0.712985
0.712512
0.712047
0.711596
0.71116
0.71074
0.71034
0.709959
0.719195
0.7191
0.718958
0.71877
0.718539
0.718266
0.717954
0.717605
0.717222
0.716809
0.71637
0.715908
0.715428
0.714935
0.714431
0.713922
0.713412
0.712906
0.712406
0.711918
0.711442
0.710983
0.710542
0.710121
0.70972
0.719463
0.719363
0.719214
0.719017
0.718773
0.718485
0.718154
0.717785
0.71738
0.716944
0.716479
0.71599
0.715483
0.71496
0.714428
0.713891
0.713353
0.712819
0.712293
0.711778
0.711278
0.710795
0.710332
0.709889
0.709468
0.719744
0.719641
0.719484
0.719276
0.719018
0.718714
0.718364
0.717973
0.717545
0.717082
0.71659
0.716073
0.715536
0.714984
0.714422
0.713854
0.713287
0.712724
0.71217
0.711628
0.711103
0.710596
0.71011
0.709645
0.709203
0.720041
0.719933
0.719768
0.719549
0.719276
0.718954
0.718584
0.71817
0.717716
0.717226
0.716704
0.716157
0.715588
0.715004
0.71441
0.713811
0.713212
0.712619
0.712036
0.711466
0.710915
0.710383
0.709873
0.709387
0.708925
0.720354
0.72024
0.720067
0.719835
0.719547
0.719205
0.718813
0.718374
0.717893
0.717373
0.716821
0.716241
0.715639
0.715021
0.714393
0.71376
0.713129
0.712504
0.71189
0.711292
0.710713
0.710156
0.709622
0.709114
0.708631
0.720684
0.720564
0.720381
0.720136
0.719831
0.719468
0.719052
0.718587
0.718076
0.717525
0.716939
0.716324
0.715687
0.715033
0.714369
0.713701
0.713035
0.712377
0.711731
0.711103
0.710496
0.709912
0.709355
0.708825
0.708322
0.72103
0.720905
0.720712
0.720452
0.720128
0.719744
0.719302
0.718807
0.718265
0.71768
0.717059
0.716407
0.715732
0.71504
0.714337
0.713632
0.712929
0.712236
0.711557
0.710898
0.710261
0.709652
0.70907
0.708518
0.707995
0.721395
0.721263
0.721059
0.720783
0.72044
0.720031
0.719562
0.719036
0.71846
0.717839
0.717179
0.716488
0.715772
0.715039
0.714296
0.713551
0.71281
0.71208
0.711366
0.710674
0.710009
0.709372
0.708766
0.708192
0.707649
0.721779
0.72164
0.721423
0.721131
0.720766
0.720331
0.719832
0.719273
0.71866
0.718
0.717299
0.716566
0.715807
0.71503
0.714244
0.713457
0.712675
0.711906
0.711157
0.710431
0.709735
0.70907
0.70844
0.707844
0.707282
0.722183
0.722036
0.721806
0.721495
0.721107
0.720644
0.720113
0.719518
0.718866
0.718164
0.717419
0.716639
0.715834
0.715011
0.71418
0.713347
0.712523
0.711713
0.710926
0.710166
0.709438
0.708745
0.70809
0.707473
0.706893
0.722606
0.722451
0.722207
0.721876
0.721463
0.72097
0.720404
0.71977
0.719076
0.718328
0.717536
0.716708
0.715853
0.71498
0.7141
0.71322
0.712351
0.711498
0.710671
0.709875
0.709115
0.708394
0.707715
0.707077
0.70648
0.723051
0.722887
0.722627
0.722275
0.721834
0.721309
0.720705
0.720029
0.719289
0.718493
0.71765
0.716769
0.715861
0.714936
0.714003
0.713073
0.712155
0.711258
0.71039
0.709556
0.708763
0.708014
0.70731
0.706652
0.706039
0.723518
0.723343
0.723067
0.722691
0.72222
0.72166
0.721015
0.720294
0.719505
0.718656
0.717758
0.716821
0.715856
0.714874
0.713886
0.712902
0.711934
0.71099
0.710078
0.709206
0.708379
0.707601
0.706873
0.706196
0.705569
0.724006
0.723821
0.723526
0.723125
0.722622
0.722023
0.721334
0.720564
0.719722
0.718816
0.717859
0.716862
0.715835
0.714793
0.713745
0.712705
0.711683
0.710689
0.709732
0.70882
0.707959
0.707152
0.706401
0.705706
0.705066
0.724517
0.72432
0.724005
0.723577
0.723039
0.722398
0.721662
0.720838
0.719938
0.718972
0.717951
0.716888
0.715796
0.714688
0.713577
0.712476
0.711398
0.710351
0.709348
0.708395
0.707498
0.706662
0.705889
0.705178
0.704528
0.725051
0.72484
0.724504
0.724045
0.72347
0.722784
0.721995
0.721115
0.720152
0.719119
0.718029
0.716896
0.715734
0.714556
0.713378
0.712212
0.711073
0.709972
0.70892
0.707924
0.706992
0.706128
0.705333
0.704608
0.703949
0.725606
0.725382
0.725022
0.724531
0.723914
0.723179
0.722334
0.721391
0.720361
0.719256
0.718092
0.716883
0.715644
0.714392
0.713141
0.711907
0.710704
0.709546
0.708442
0.707403
0.706435
0.705543
0.704728
0.703991
0.703327
0.726184
0.725944
0.725559
0.725032
0.72437
0.723581
0.722676
0.721665
0.720561
0.719379
0.718134
0.716843
0.715523
0.71419
0.712862
0.711555
0.710285
0.709065
0.707908
0.706824
0.705821
0.704901
0.704069
0.703322
0.702657
0.726784
0.726527
0.726113
0.725547
0.724836
0.723989
0.723017
0.721933
0.720749
0.719483
0.718152
0.716772
0.715363
0.713944
0.712533
0.711148
0.709806
0.708523
0.707311
0.706181
0.705142
0.704197
0.703348
0.702595
0.701932
0.727403
0.727127
0.726682
0.726074
0.72531
0.7244
0.723355
0.722191
0.720921
0.719564
0.718137
0.716662
0.715158
0.713646
0.712146
0.710678
0.70926
0.70791
0.706641
0.705465
0.70439
0.703421
0.70256
0.701804
0.701149
0.728039
0.727743
0.727265
0.726611
0.725789
0.724809
0.723686
0.722434
0.72107
0.719613
0.718085
0.716506
0.714899
0.713287
0.711691
0.710135
0.708638
0.707217
0.705889
0.704665
0.703555
0.702565
0.701694
0.700941
0.700299
0.728691
0.728373
0.727858
0.727153
0.726267
0.725212
0.724003
0.722655
0.721189
0.719625
0.717986
0.716295
0.714577
0.712856
0.711159
0.709508
0.707926
0.706432
0.705042
0.703771
0.702628
0.701618
0.700743
0.699998
0.699377
0.729354
0.729011
0.728456
0.727695
0.72674
0.725602
0.724299
0.722848
0.721271
0.719589
0.717829
0.716017
0.714179
0.712342
0.710535
0.708784
0.707112
0.70554
0.704088
0.70277
0.701595
0.70057
0.699696
0.698967
0.698377
0.730022
0.729652
0.729052
0.728231
0.7272
0.725972
0.724566
0.723002
0.721303
0.719495
0.717604
0.715659
0.713691
0.711729
0.709804
0.707946
0.70618
0.704528
0.703011
0.701645
0.700443
0.699409
0.698542
0.697838
0.697294
0.730688
0.730289
0.72964
0.728753
0.727638
0.726311
0.724793
0.723106
0.721275
0.719327
0.717294
0.715206
0.713098
0.710999
0.708948
0.706977
0.705111
0.703376
0.701794
0.700383
0.699157
0.698121
0.697269
0.696604
0.696124
0.731343
0.730911
0.730209
0.729249
0.728042
0.726608
0.724967
0.723145
0.721169
0.71907
0.716882
0.71464
0.712379
0.710133
0.707948
0.705857
0.703886
0.702065
0.700419
0.698968
0.697726
0.696698
0.695864
0.695282
0.694884
0.731975
0.731506
0.730746
0.729705
0.728399
0.726846
0.725071
0.723101
0.720968
0.718705
0.716347
0.713939
0.711513
0.709105
0.70678
0.704566
0.702488
0.70058
0.698875
0.697392
0.696149
0.695144
0.694385
0.693885
0.693572
0.732567
0.732059
0.731234
0.730105
0.728689
0.727007
0.725085
0.722954
0.720651
0.718209
0.715668
0.713086
0.710481
0.707896
0.70543
0.703095
0.70091
0.698921
0.697169
0.695669
0.694457
0.693518
0.692842
0.692444
0.692284
0.7331
0.732548
0.731653
0.730429
0.728893
0.727071
0.72499
0.722687
0.720202
0.717568
0.714829
0.712066
0.70927
0.706517
0.703898
0.701457
0.699181
0.69713
0.695354
0.693875
0.692718
0.691868
0.691327
0.691086
0.691108
0.733552
0.732954
0.731985
0.730659
0.728997
0.727027
0.72478
0.722295
0.719629
0.716796
0.713854
0.71091
0.707969
0.705055
0.702278
0.699723
0.697392
0.695321
0.69356
0.69214
0.691075
0.69036
0.689983
0.689921
0.690129
0.733923
0.733278
0.732235
0.730808
0.729022
0.726907
0.724499
0.721836
0.718995
0.716
0.712879
0.709741
0.706676
0.70366
0.700782
0.698131
0.695774
0.693721
0.692014
0.690681
0.689732
0.689158
0.688936
0.689029
0.689386
0.734259
0.733577
0.732473
0.730965
0.729079
0.726848
0.724312
0.721514
0.71852
0.715395
0.712161
0.708901
0.705706
0.702611
0.699687
0.697019
0.694652
0.692621
0.690961
0.689695
0.688827
0.688343
0.688213
0.688395
0.688833
0.734551
0.733849
0.732712
0.73116
0.729221
0.726929
0.724327
0.72146
0.71839
0.715188
0.711894
0.708579
0.705329
0.702201
0.699245
0.696549
0.694164
0.692131
0.690477
0.689222
0.68837
0.687904
0.687795
0.687997
0.688456
0.718942
0.71987
0.719978
0.720353
0.720405
0.7206
0.720293
0.719731
0.719089
0.718348
0.717579
0.716821
0.716068
0.715294
0.714505
0.713736
0.713064
0.712557
0.712222
0.712003
0.711884
0.71169
0.71175
0.710801
0.711399
0.717254
0.719292
0.719749
0.720123
0.720176
0.720347
0.720084
0.719599
0.719011
0.718314
0.717572
0.716826
0.716083
0.715323
0.714547
0.713794
0.713136
0.712636
0.712305
0.712097
0.712
0.711867
0.711849
0.711316
0.712081
0.718346
0.719237
0.719616
0.719921
0.72002
0.72011
0.719903
0.719467
0.718906
0.718241
0.71753
0.71681
0.716086
0.715345
0.714591
0.713859
0.713217
0.712724
0.712395
0.712194
0.712125
0.712109
0.712307
0.712219
0.712775
0.718235
0.719028
0.719427
0.719723
0.719829
0.719874
0.719692
0.719298
0.718775
0.718151
0.717476
0.716786
0.716086
0.715371
0.714644
0.713938
0.713315
0.712832
0.712505
0.712308
0.712252
0.712313
0.71263
0.712945
0.71313
0.717958
0.718728
0.719189
0.71947
0.719595
0.719623
0.719465
0.719112
0.718624
0.71804
0.717404
0.716749
0.71608
0.715396
0.714701
0.714024
0.713423
0.712951
0.712624
0.712428
0.712366
0.71245
0.712739
0.713109
0.713079
0.718029
0.718618
0.719006
0.719256
0.719361
0.71937
0.719231
0.718912
0.718459
0.717915
0.71732
0.716702
0.716069
0.715419
0.714759
0.714115
0.713537
0.713078
0.712753
0.712553
0.712472
0.712503
0.7126
0.712919
0.712717
0.717846
0.718377
0.718756
0.718996
0.719105
0.719114
0.718989
0.718701
0.718283
0.717779
0.717225
0.716647
0.716051
0.715439
0.714816
0.714207
0.713656
0.713211
0.71289
0.712684
0.712578
0.712481
0.712318
0.71233
0.71229
0.71772
0.718191
0.71853
0.718745
0.718847
0.718857
0.718745
0.718483
0.718098
0.717633
0.717121
0.716584
0.716027
0.715454
0.714871
0.714298
0.713775
0.713347
0.713033
0.712825
0.712722
0.712564
0.712417
0.711362
0.711569
0.71755
0.717972
0.718287
0.71849
0.718591
0.718603
0.7185
0.718261
0.717908
0.717481
0.71701
0.716514
0.715997
0.715465
0.714922
0.714386
0.713894
0.713485
0.713181
0.712978
0.712881
0.712746
0.712588
0.710988
0.711238
0.717356
0.717747
0.718043
0.718237
0.718338
0.718351
0.718256
0.718037
0.717714
0.717324
0.716894
0.716438
0.715962
0.71547
0.714967
0.714468
0.714008
0.713622
0.713332
0.71314
0.713048
0.712991
0.712778
0.71126
0.711409
0.717153
0.717519
0.7178
0.717988
0.718089
0.718103
0.718014
0.717812
0.717519
0.717165
0.716773
0.716357
0.715921
0.715468
0.715005
0.714545
0.714116
0.713755
0.713483
0.713306
0.713227
0.713254
0.713121
0.711894
0.711758
0.716949
0.717294
0.717562
0.717745
0.717845
0.717858
0.717774
0.717589
0.717323
0.717004
0.71665
0.716273
0.715875
0.715461
0.715036
0.714613
0.714216
0.71388
0.713628
0.713469
0.713405
0.713488
0.713507
0.712703
0.712043
0.716752
0.717075
0.71733
0.717507
0.717604
0.717617
0.717537
0.717369
0.71713
0.716844
0.716526
0.716185
0.715824
0.715447
0.715059
0.714672
0.714306
0.713993
0.713759
0.713617
0.713565
0.713659
0.71377
0.71323
0.712119
0.716562
0.716864
0.717104
0.717274
0.717367
0.717378
0.717304
0.717153
0.71694
0.716685
0.716401
0.716095
0.715769
0.715427
0.715075
0.714721
0.714385
0.714093
0.713873
0.713741
0.713697
0.713766
0.713859
0.71333
0.71187
0.716377
0.716659
0.716884
0.717045
0.717132
0.717142
0.717077
0.716942
0.716754
0.716529
0.716277
0.716004
0.715711
0.715402
0.715083
0.714762
0.714454
0.714181
0.713969
0.713837
0.713791
0.713823
0.713842
0.713262
0.711745
0.716197
0.716459
0.716669
0.71682
0.716902
0.716913
0.716856
0.716739
0.716575
0.716378
0.716155
0.715911
0.715649
0.715372
0.715084
0.714793
0.714513
0.714257
0.714049
0.713906
0.713841
0.713827
0.713733
0.713084
0.71182
0.71602
0.716264
0.71646
0.7166
0.716678
0.716691
0.716644
0.716543
0.716402
0.71623
0.716034
0.715818
0.715585
0.715338
0.715079
0.714817
0.714562
0.714323
0.714116
0.71395
0.713844
0.713746
0.713458
0.712725
0.711689
0.715848
0.716075
0.716257
0.716388
0.716462
0.716478
0.716441
0.716356
0.716235
0.716087
0.715915
0.715725
0.715519
0.715299
0.715069
0.714835
0.714604
0.714382
0.714175
0.713981
0.713802
0.713494
0.712832
0.711872
0.711114
0.715683
0.715893
0.716062
0.716185
0.716256
0.716276
0.716248
0.716178
0.716076
0.715948
0.715799
0.715632
0.715451
0.715258
0.715054
0.714846
0.714639
0.714436
0.714235
0.714019
0.713758
0.713183
0.712111
0.710634
0.71023
0.715526
0.71572
0.715877
0.715992
0.716061
0.716084
0.716065
0.716009
0.715923
0.715814
0.715684
0.715539
0.715382
0.715214
0.715036
0.714852
0.71467
0.714488
0.7143
0.714081
0.71377
0.713153
0.71165
0.709598
0.709269
0.715376
0.715555
0.715701
0.71581
0.715877
0.715903
0.715892
0.715848
0.715776
0.715684
0.715573
0.715447
0.715312
0.715167
0.715014
0.714855
0.714696
0.714539
0.714373
0.714163
0.713821
0.713101
0.711427
0.709139
0.708787
0.715236
0.7154
0.715536
0.715638
0.715703
0.715732
0.715727
0.715694
0.715636
0.715558
0.715463
0.715356
0.71524
0.715117
0.714987
0.714853
0.714719
0.714588
0.714454
0.71428
0.713984
0.71317
0.711572
0.709473
0.709192
0.715103
0.715254
0.71538
0.715476
0.715539
0.71557
0.715571
0.715547
0.7155
0.715436
0.715356
0.715266
0.715168
0.715065
0.714957
0.714846
0.714737
0.714634
0.714538
0.714416
0.714218
0.713609
0.712189
0.71023
0.70985
0.714978
0.715117
0.715233
0.715322
0.715383
0.715416
0.715422
0.715406
0.71537
0.715317
0.715252
0.715177
0.715096
0.715011
0.714923
0.714834
0.714749
0.714674
0.714615
0.714546
0.714447
0.714019
0.712813
0.710997
0.710308
0.71486
0.714986
0.715093
0.715177
0.715236
0.71527
0.71528
0.715271
0.715244
0.715202
0.715149
0.715088
0.715022
0.714954
0.714884
0.714815
0.714752
0.714702
0.714676
0.714654
0.71463
0.714325
0.713293
0.711573
0.710425
0.714747
0.714863
0.714961
0.715039
0.715096
0.71513
0.715144
0.715141
0.715122
0.715091
0.715049
0.715001
0.714948
0.714894
0.714841
0.714788
0.714744
0.714716
0.714716
0.714729
0.714748
0.714532
0.713598
0.711951
0.71039
0.71464
0.714745
0.714835
0.714908
0.714962
0.714997
0.715014
0.715016
0.715004
0.714982
0.714951
0.714914
0.714873
0.714832
0.714792
0.714755
0.714725
0.714713
0.714731
0.714765
0.7148
0.714627
0.713722
0.712072
0.710035
0.714538
0.714633
0.714715
0.714782
0.714834
0.714868
0.714888
0.714895
0.71489
0.714877
0.714855
0.714828
0.714798
0.714768
0.714739
0.714713
0.714695
0.714693
0.714718
0.714761
0.714788
0.71462
0.713716
0.712
0.709493
0.71444
0.714525
0.7146
0.714662
0.71471
0.714745
0.714767
0.714778
0.71478
0.714774
0.714761
0.714743
0.714723
0.714702
0.714682
0.714664
0.714653
0.714655
0.714679
0.714717
0.714721
0.714528
0.713625
0.711773
0.709096
0.714346
0.714421
0.714489
0.714546
0.714592
0.714626
0.71465
0.714665
0.714672
0.714673
0.714668
0.714659
0.714647
0.714634
0.714621
0.714609
0.7146
0.714601
0.714616
0.714637
0.714607
0.71438
0.713518
0.711678
0.709139
0.714255
0.714321
0.714382
0.714434
0.714477
0.71451
0.714536
0.714555
0.714567
0.714575
0.714577
0.714576
0.714571
0.714565
0.714557
0.714549
0.71454
0.714534
0.714531
0.714524
0.714452
0.714184
0.713381
0.71182
0.709549
0.714166
0.714224
0.714278
0.714325
0.714365
0.714398
0.714425
0.714447
0.714465
0.714478
0.714488
0.714494
0.714496
0.714495
0.714492
0.714485
0.714472
0.714455
0.714428
0.714383
0.714257
0.713934
0.713164
0.711798
0.710015
0.71408
0.714129
0.714176
0.714219
0.714256
0.714289
0.714317
0.714342
0.714364
0.714383
0.7144
0.714412
0.714421
0.714426
0.714426
0.714419
0.7144
0.714368
0.71431
0.714217
0.714021
0.713622
0.712838
0.711608
0.710214
0.713995
0.714037
0.714077
0.714115
0.714149
0.714181
0.71421
0.714238
0.714264
0.714289
0.714312
0.714332
0.714348
0.714358
0.714361
0.714353
0.714327
0.714275
0.714179
0.714027
0.713736
0.713227
0.712369
0.7112
0.710111
0.713911
0.713945
0.713979
0.714012
0.714044
0.714075
0.714105
0.714135
0.714166
0.714196
0.714226
0.714253
0.714276
0.714292
0.714299
0.71429
0.714254
0.714181
0.714039
0.713813
0.713393
0.71272
0.711713
0.710553
0.709686
0.713828
0.713854
0.713882
0.71391
0.713939
0.713969
0.714
0.714033
0.714068
0.714104
0.714141
0.714175
0.714206
0.71423
0.714241
0.714231
0.714187
0.71409
0.713895
0.713583
0.712984
0.712045
0.710788
0.709558
0.708899
0.713745
0.713764
0.713785
0.713809
0.713835
0.713864
0.713896
0.713931
0.71397
0.714012
0.714055
0.714098
0.714138
0.71417
0.714188
0.71418
0.71413
0.714007
0.713752
0.713333
0.712435
0.711136
0.709475
0.708036
0.707761
0.713662
0.713673
0.713688
0.713708
0.713731
0.713758
0.71379
0.713828
0.713871
0.713919
0.71397
0.714022
0.714072
0.714115
0.714142
0.714141
0.714087
0.71394
0.713625
0.71303
0.711704
0.710017
0.707919
0.70638
0.706377
0.713578
0.713582
0.713591
0.713605
0.713625
0.713651
0.713684
0.713724
0.713771
0.713825
0.713885
0.713947
0.714009
0.714065
0.714105
0.714114
0.714066
0.713907
0.713549
0.712766
0.711177
0.708955
0.706448
0.704866
0.705171
0.713493
0.713489
0.713492
0.713501
0.713518
0.713543
0.713576
0.713618
0.713669
0.713729
0.713797
0.713871
0.713947
0.714018
0.714076
0.714103
0.714069
0.713915
0.71354
0.712711
0.710947
0.708265
0.705582
0.704071
0.704606
0.713406
0.713394
0.713391
0.713396
0.713409
0.713432
0.713465
0.713509
0.713564
0.713631
0.713708
0.713794
0.713885
0.713976
0.714056
0.714106
0.714098
0.713961
0.713573
0.712621
0.710789
0.708176
0.705641
0.70424
0.704864
0.713317
0.713298
0.713287
0.713287
0.713297
0.713318
0.713351
0.713397
0.713456
0.713529
0.713616
0.713715
0.713823
0.713935
0.714042
0.714125
0.714153
0.714057
0.713719
0.712662
0.710956
0.708744
0.706448
0.705216
0.705754
0.713225
0.713198
0.713181
0.713175
0.713181
0.7132
0.713232
0.71328
0.713343
0.713423
0.71352
0.713632
0.713759
0.713894
0.714032
0.714154
0.71423
0.714199
0.713929
0.713046
0.711572
0.709705
0.707639
0.706497
0.70684
0.713131
0.713095
0.713072
0.71306
0.713062
0.713078
0.713109
0.713158
0.713225
0.713311
0.713418
0.713544
0.71369
0.713851
0.714022
0.714188
0.714321
0.714369
0.714186
0.713509
0.712337
0.710684
0.708778
0.707673
0.707801
0.713033
0.712989
0.712958
0.71294
0.712937
0.71295
0.712981
0.71303
0.7131
0.713193
0.713309
0.713449
0.713614
0.713801
0.714007
0.714221
0.714417
0.714549
0.714476
0.714003
0.713089
0.711524
0.709703
0.708576
0.708497
0.712931
0.712879
0.71284
0.712816
0.712808
0.712817
0.712846
0.712895
0.712968
0.713066
0.713191
0.713345
0.713528
0.713742
0.713983
0.714244
0.714504
0.714724
0.714765
0.714492
0.713713
0.712189
0.710413
0.709198
0.70889
0.712826
0.712764
0.712717
0.712686
0.712672
0.712677
0.712703
0.712752
0.712827
0.71293
0.713063
0.713229
0.713431
0.713669
0.713943
0.71425
0.71457
0.714872
0.71502
0.714928
0.714181
0.712679
0.710919
0.709566
0.709013
0.712716
0.712645
0.712589
0.71255
0.71253
0.71253
0.712553
0.712601
0.712677
0.712783
0.712923
0.7131
0.713318
0.713579
0.713884
0.714231
0.714605
0.714979
0.71522
0.715278
0.714521
0.713018
0.711233
0.709677
0.708869
0.712601
0.71252
0.712455
0.712408
0.712381
0.712376
0.712395
0.71244
0.712515
0.712624
0.712769
0.712956
0.713187
0.713468
0.713799
0.714181
0.714599
0.715032
0.715349
0.715524
0.714807
0.713227
0.711346
0.709532
0.708442
0.712481
0.71239
0.712315
0.71226
0.712225
0.712213
0.712226
0.712268
0.712342
0.712451
0.7126
0.712793
0.713036
0.713332
0.713685
0.714095
0.714547
0.715022
0.715396
0.715637
0.714968
0.7133
0.711261
0.709189
0.707759
0.712356
0.712253
0.712169
0.712104
0.71206
0.712041
0.712048
0.712085
0.712155
0.712263
0.712413
0.712611
0.712861
0.713169
0.713538
0.713967
0.714444
0.714946
0.715356
0.715624
0.714981
0.713234
0.711013
0.708652
0.70687
0.712225
0.712111
0.712015
0.71194
0.711887
0.711859
0.711859
0.71189
0.711955
0.712059
0.712208
0.712407
0.712661
0.712976
0.713354
0.713796
0.714287
0.7148
0.71523
0.715504
0.71494
0.713094
0.710664
0.707967
0.705783
0.712088
0.711961
0.711854
0.711768
0.711705
0.711667
0.711658
0.711681
0.71174
0.711839
0.711983
0.71218
0.712433
0.71275
0.713132
0.713578
0.714072
0.714585
0.715019
0.715275
0.714785
0.712954
0.710301
0.707301
0.704719
0.711944
0.711805
0.711685
0.711587
0.711513
0.711465
0.711446
0.711459
0.711509
0.7116
0.711737
0.711928
0.712177
0.712489
0.712868
0.71331
0.713798
0.7143
0.714725
0.714952
0.714535
0.71278
0.709995
0.706786
0.703874
0.711794
0.711641
0.711508
0.711398
0.711311
0.711251
0.71122
0.711222
0.711261
0.711342
0.711469
0.711649
0.711888
0.712191
0.71256
0.71299
0.713464
0.713946
0.714351
0.714546
0.714186
0.712584
0.709789
0.706518
0.703375
0.711636
0.71147
0.711323
0.711199
0.711099
0.711026
0.710982
0.710971
0.710996
0.711063
0.711177
0.711343
0.711568
0.711855
0.712207
0.712617
0.713069
0.713522
0.713899
0.714063
0.71374
0.712336
0.7097
0.706423
0.703278
0.711472
0.71129
0.711129
0.710991
0.710876
0.710789
0.71073
0.710704
0.710714
0.710765
0.710861
0.711009
0.711214
0.711479
0.711806
0.712189
0.712609
0.713028
0.713369
0.713504
0.713203
0.711999
0.709661
0.706475
0.703508
0.711299
0.711102
0.710926
0.710772
0.710643
0.710539
0.710464
0.710421
0.710413
0.710445
0.71052
0.710645
0.710824
0.711061
0.711357
0.711704
0.712085
0.71246
0.712759
0.712864
0.712576
0.711541
0.709531
0.706639
0.703883
0.711119
0.710906
0.710714
0.710544
0.710398
0.710277
0.710185
0.710122
0.710094
0.710103
0.710154
0.710251
0.710399
0.710602
0.710858
0.711161
0.711493
0.711816
0.712066
0.712135
0.711853
0.710951
0.70923
0.706804
0.704246
0.71093
0.7107
0.710491
0.710305
0.710141
0.710002
0.709891
0.709808
0.709756
0.70974
0.709762
0.709827
0.709938
0.710098
0.710307
0.710556
0.71083
0.711092
0.711283
0.711308
0.711021
0.710217
0.708746
0.706751
0.704545
0.710732
0.710485
0.710259
0.710055
0.709873
0.709715
0.709582
0.709476
0.7094
0.709355
0.709345
0.709372
0.70944
0.709551
0.709703
0.709889
0.710092
0.710281
0.710401
0.710368
0.71006
0.709322
0.708055
0.70639
0.704696
0.710526
0.710261
0.710017
0.709794
0.709593
0.709414
0.709259
0.709129
0.709025
0.708948
0.708902
0.708887
0.708906
0.70896
0.709046
0.709157
0.709277
0.709377
0.709408
0.709297
0.708946
0.708243
0.70714
0.705773
0.704543
0.710309
0.710026
0.709764
0.709522
0.709301
0.709101
0.708923
0.708766
0.708632
0.708521
0.708434
0.708373
0.708337
0.708325
0.708336
0.708359
0.70838
0.708372
0.708292
0.708077
0.707654
0.706954
0.705978
0.704878
0.704026
0.710083
0.709781
0.7095
0.709238
0.708997
0.708775
0.708572
0.708388
0.708222
0.708074
0.707943
0.70783
0.707732
0.707648
0.707572
0.707494
0.707399
0.707261
0.70704
0.706688
0.706158
0.705428
0.70455
0.703698
0.703192
0.709847
0.709526
0.709225
0.708944
0.708681
0.708436
0.708208
0.707994
0.707795
0.707607
0.70743
0.70726
0.707095
0.70693
0.706756
0.706563
0.706332
0.706037
0.705641
0.705112
0.704437
0.703649
0.70285
0.702238
0.702063
0.709599
0.709259
0.708939
0.708637
0.708353
0.708085
0.70783
0.707587
0.707353
0.707124
0.706897
0.706667
0.706428
0.706174
0.705892
0.705568
0.70518
0.704698
0.70409
0.703344
0.70249
0.701617
0.700887
0.700517
0.700699
0.70934
0.70898
0.70864
0.708319
0.708013
0.707721
0.70744
0.707167
0.706896
0.706624
0.706345
0.706052
0.705735
0.705384
0.704984
0.704513
0.703946
0.703248
0.702393
0.701398
0.700344
0.699371
0.698735
0.698603
0.699125
0.709068
0.708689
0.70833
0.707988
0.707661
0.707346
0.707039
0.706734
0.706428
0.706112
0.705779
0.705419
0.705021
0.704567
0.704039
0.703407
0.702641
0.701701
0.700575
0.699319
0.698072
0.697038
0.696475
0.696565
0.697445
0.708784
0.708386
0.708007
0.707646
0.707298
0.70696
0.706626
0.706291
0.705948
0.705588
0.705201
0.704774
0.70429
0.70373
0.703066
0.702262
0.701281
0.700085
0.698684
0.697186
0.695786
0.694726
0.694259
0.694569
0.695756
0.708486
0.708069
0.707671
0.707291
0.706922
0.706562
0.706203
0.705838
0.70546
0.705056
0.704615
0.70412
0.703551
0.70288
0.702076
0.701093
0.69989
0.698446
0.696797
0.695113
0.69363
0.692596
0.692243
0.692743
0.694174
0.708173
0.707738
0.707322
0.706923
0.706535
0.706153
0.70577
0.705378
0.704965
0.704519
0.704026
0.703464
0.70281
0.702028
0.701082
0.699915
0.698518
0.696845
0.695013
0.693232
0.69175
0.690789
0.690551
0.691196
0.692794
0.707845
0.707391
0.706958
0.706542
0.706136
0.705735
0.705329
0.70491
0.704466
0.703981
0.703438
0.702813
0.702076
0.701188
0.7001
0.698757
0.697201
0.695364
0.693439
0.691665
0.69026
0.6894
0.689258
0.689994
0.691682
0.707499
0.707029
0.70658
0.706148
0.705725
0.705306
0.704881
0.704438
0.703964
0.703444
0.702855
0.702172
0.70136
0.700371
0.699153
0.697709
0.695978
0.694074
0.69217
0.690494
0.689212
0.688453
0.688378
0.689154
0.690864
0.707136
0.70665
0.706186
0.705739
0.705302
0.704868
0.704425
0.703962
0.703463
0.702912
0.702283
0.701549
0.70067
0.699587
0.698281
0.696767
0.694935
0.693047
0.691263
0.689743
0.688593
0.687917
0.687879
0.688656
0.690336
0.706753
0.706252
0.705775
0.705316
0.704867
0.70442
0.703963
0.703483
0.702964
0.702387
0.701727
0.700953
0.700014
0.698859
0.697531
0.69592
0.69412
0.692341
0.690733
0.689382
0.688347
0.687729
0.687706
0.688459
0.690073
0.706348
0.705835
0.705346
0.704877
0.704419
0.703962
0.703495
0.703003
0.70247
0.701874
0.70119
0.700386
0.699398
0.698236
0.69686
0.695236
0.693561
0.691962
0.690549
0.689348
0.688399
0.687821
0.687801
0.688518
0.690043
0.705921
0.705396
0.704899
0.704422
0.703958
0.703495
0.703021
0.702523
0.701981
0.701374
0.700678
0.699851
0.698852
0.697701
0.696294
0.694772
0.693271
0.691883
0.69065
0.689566
0.688679
0.688132
0.688112
0.688788
0.690213
0.705468
0.704934
0.70443
0.703949
0.703482
0.703017
0.702542
0.702042
0.7015
0.700891
0.700194
0.699362
0.698394
0.697228
0.695897
0.69454
0.693241
0.692054
0.690967
0.689966
0.689128
0.688612
0.688591
0.689224
0.690542
0.704988
0.704447
0.703939
0.703457
0.702991
0.702529
0.702058
0.701562
0.701025
0.700425
0.699733
0.698929
0.697983
0.696861
0.695684
0.694519
0.693427
0.692412
0.691431
0.690493
0.689701
0.689214
0.689201
0.689787
0.690993
0.704477
0.703932
0.703424
0.702945
0.702484
0.702029
0.701567
0.701082
0.700558
0.699971
0.699303
0.69854
0.697632
0.69664
0.695641
0.69468
0.693776
0.692893
0.691987
0.691101
0.690354
0.689905
0.689898
0.690437
0.691528
0.703933
0.703387
0.702882
0.70241
0.701958
0.701516
0.701069
0.700602
0.700098
0.699538
0.698915
0.698198
0.697391
0.69656
0.69575
0.694982
0.694232
0.693442
0.692591
0.691753
0.691059
0.690648
0.690646
0.691137
0.692115
0.703352
0.702809
0.702312
0.70185
0.701414
0.70099
0.700564
0.700124
0.699647
0.699131
0.698559
0.697926
0.697259
0.696599
0.695978
0.695376
0.69474
0.694014
0.693207
0.692421
0.691781
0.691409
0.691412
0.691855
0.692723
0.702731
0.702195
0.701709
0.701264
0.700847
0.700447
0.700051
0.699638
0.699202
0.69874
0.698242
0.697725
0.697212
0.696733
0.696283
0.695813
0.695258
0.694578
0.69381
0.693082
0.692495
0.69216
0.692167
0.692563
0.693328
0.702066
0.701541
0.701072
0.700648
0.700257
0.699888
0.699523
0.699149
0.698767
0.698371
0.697972
0.69759
0.697242
0.696931
0.696623
0.69625
0.695748
0.695103
0.694386
0.693712
0.693178
0.692878
0.692887
0.693238
0.693908
0.701352
0.700844
0.700397
0.7
0.699642
0.699309
0.698981
0.69866
0.698345
0.698037
0.697754
0.697517
0.697324
0.697158
0.696958
0.696651
0.696188
0.695579
0.694915
0.694296
0.693811
0.693545
0.693556
0.693866
0.694448
0.700584
0.700098
0.69968
0.699317
0.699
0.698706
0.698432
0.698179
0.697943
0.697738
0.697583
0.697488
0.697429
0.697378
0.697255
0.696993
0.69656
0.695994
0.695385
0.69482
0.694384
0.694148
0.694161
0.694434
0.69494
0.699756
0.699302
0.698919
0.698598
0.698325
0.69809
0.697886
0.697709
0.697567
0.697476
0.697451
0.69748
0.697529
0.697562
0.697489
0.697259
0.696858
0.696342
0.695789
0.695279
0.694888
0.69468
0.694696
0.694938
0.695378
0.698865
0.69845
0.69811
0.697835
0.69763
0.697472
0.697346
0.69726
0.697226
0.697253
0.697344
0.697469
0.697603
0.697688
0.697647
0.697442
0.69708
0.696617
0.696122
0.695667
0.695321
0.69514
0.695162
0.695376
0.695759
0.697908
0.697538
0.697246
0.697045
0.69693
0.696857
0.696824
0.696846
0.696925
0.697062
0.697247
0.697443
0.697633
0.697744
0.697722
0.697542
0.697225
0.696819
0.696384
0.695985
0.695682
0.695529
0.695553
0.695745
0.696087
0.696875
0.696553
0.696346
0.696253
0.696232
0.69626
0.696342
0.696479
0.696667
0.696896
0.697148
0.697391
0.697606
0.697728
0.697719
0.697567
0.697297
0.69695
0.696576
0.696233
0.695973
0.695848
0.695877
0.696053
0.696361
0.695762
0.695529
0.695445
0.695461
0.695553
0.695707
0.695915
0.696166
0.696447
0.696743
0.697033
0.697303
0.697524
0.697648
0.697649
0.697525
0.697302
0.697013
0.696701
0.696414
0.696198
0.696099
0.696135
0.696302
0.696585
0.694603
0.694501
0.694546
0.694698
0.694931
0.695224
0.695555
0.695905
0.696255
0.696592
0.696902
0.697181
0.697396
0.697517
0.697526
0.69743
0.69725
0.697017
0.696764
0.696531
0.69636
0.696288
0.696333
0.696496
0.69676
0.693442
0.693496
0.693698
0.694009
0.694393
0.694819
0.695257
0.695683
0.696081
0.696439
0.696759
0.697033
0.697239
0.697355
0.697371
0.697297
0.697157
0.696973
0.696774
0.696592
0.696462
0.696417
0.696475
0.696637
0.69689
0.692335
0.692568
0.692945
0.693419
0.693946
0.694486
0.695007
0.695487
0.695913
0.696284
0.696607
0.696874
0.697071
0.697181
0.697202
0.697147
0.697038
0.696895
0.696741
0.696602
0.69651
0.696491
0.696563
0.696729
0.696976
0.691352
0.691772
0.692319
0.692939
0.693582
0.694207
0.694785
0.695301
0.695747
0.696131
0.696455
0.696718
0.696908
0.697015
0.69704
0.696998
0.696911
0.696797
0.696677
0.696573
0.696512
0.696516
0.696603
0.696775
0.697023
0.690553
0.691137
0.691821
0.692551
0.693275
0.693958
0.694576
0.69512
0.695587
0.695984
0.696316
0.69658
0.696768
0.696872
0.696899
0.696865
0.69679
0.696694
0.696595
0.696515
0.696477
0.696501
0.696603
0.696785
0.697038
0.689945
0.690642
0.691418
0.692218
0.692994
0.693717
0.694369
0.694942
0.695435
0.695853
0.6962
0.696472
0.696661
0.696765
0.696792
0.696758
0.696685
0.696594
0.696505
0.696438
0.696415
0.696456
0.696572
0.696768
0.697034
0.689464
0.690223
0.691051
0.691896
0.692713
0.693475
0.694166
0.694774
0.695301
0.695748
0.696117
0.696404
0.696599
0.696703
0.696723
0.69668
0.696597
0.696499
0.696407
0.696343
0.69633
0.696385
0.69652
0.696737
0.697023
0.689109
0.689895
0.690754
0.691628
0.692479
0.693279
0.694004
0.694645
0.695203
0.695679
0.696072
0.696375
0.696578
0.69668
0.69669
0.696633
0.696534
0.696421
0.69632
0.696254
0.696246
0.696314
0.696468
0.696708
0.69702
0.71481
0.716012
0.715761
0.715746
0.71565
0.715501
0.71522
0.714792
0.714217
0.713503
0.712695
0.711849
0.711026
0.710269
0.709597
0.709014
0.708521
0.708164
0.707899
0.7079
0.708369
0.708857
0.709552
0.709581
0.709842
0.714116
0.715426
0.715483
0.715616
0.715549
0.715406
0.715138
0.714723
0.714163
0.713466
0.712676
0.711848
0.711039
0.710294
0.709627
0.70905
0.708581
0.708258
0.708043
0.708075
0.70853
0.708957
0.709543
0.70988
0.711372
0.713352
0.714475
0.71508
0.715385
0.715428
0.715299
0.715045
0.714644
0.714099
0.713422
0.712652
0.711847
0.71106
0.710334
0.709685
0.709123
0.708676
0.708364
0.708179
0.708235
0.708613
0.709034
0.709477
0.709769
0.710544
0.712736
0.713594
0.715024
0.715152
0.715276
0.715167
0.714933
0.714547
0.714021
0.713367
0.712624
0.711846
0.711085
0.710383
0.709757
0.709215
0.708791
0.708497
0.708335
0.7084
0.708708
0.709097
0.709529
0.709901
0.710546
0.71255
0.713229
0.714822
0.714954
0.715118
0.715035
0.714814
0.714441
0.713934
0.713306
0.712593
0.711846
0.711117
0.710442
0.709842
0.709328
0.708925
0.708649
0.70851
0.708573
0.708843
0.709214
0.709634
0.710106
0.710803
0.712796
0.713353
0.71457
0.714845
0.714986
0.71491
0.714691
0.714329
0.713842
0.71324
0.712559
0.711847
0.711152
0.710508
0.709936
0.709451
0.709073
0.708814
0.708692
0.70875
0.708971
0.7093
0.709701
0.710155
0.710662
0.712926
0.713792
0.714715
0.714805
0.714877
0.714787
0.714564
0.714214
0.713747
0.713174
0.712526
0.711851
0.711191
0.71058
0.710039
0.709583
0.709229
0.708989
0.708881
0.708934
0.709135
0.709449
0.709857
0.710337
0.710857
0.713158
0.714343
0.714796
0.714754
0.714763
0.71466
0.714436
0.714098
0.713652
0.713108
0.712495
0.711857
0.711234
0.710657
0.710147
0.70972
0.70939
0.70917
0.709075
0.709125
0.709302
0.709582
0.709959
0.710397
0.710891
0.712963
0.714332
0.714704
0.714647
0.714633
0.714528
0.714308
0.713984
0.71356
0.713045
0.712467
0.711867
0.711281
0.710738
0.71026
0.70986
0.709554
0.709353
0.709271
0.709319
0.709484
0.709749
0.710104
0.710529
0.711003
0.712776
0.714071
0.714518
0.714514
0.714492
0.714394
0.714183
0.713874
0.713473
0.712986
0.712443
0.71188
0.711331
0.710823
0.710375
0.710003
0.70972
0.709536
0.709466
0.709514
0.709669
0.709919
0.710251
0.710655
0.711116
0.712604
0.713663
0.714165
0.714325
0.714334
0.714257
0.714063
0.713771
0.713392
0.712933
0.712424
0.711897
0.711385
0.710911
0.710493
0.710147
0.709885
0.709718
0.709658
0.709708
0.709858
0.710096
0.710413
0.710799
0.711243
0.711957
0.712775
0.713476
0.714024
0.714175
0.714127
0.713952
0.713677
0.713319
0.712888
0.71241
0.711919
0.711443
0.711001
0.710612
0.71029
0.710049
0.709898
0.709847
0.709898
0.710044
0.710275
0.71058
0.710952
0.71138
0.711116
0.711692
0.713024
0.713865
0.714066
0.714022
0.713856
0.713595
0.713256
0.71285
0.712403
0.711946
0.711503
0.711093
0.710731
0.710433
0.71021
0.710074
0.710032
0.710085
0.710228
0.710451
0.710747
0.711106
0.711519
0.710444
0.711014
0.713103
0.713848
0.713996
0.713941
0.713777
0.713526
0.713203
0.71282
0.712402
0.711976
0.711565
0.711185
0.71085
0.710574
0.710369
0.710246
0.710211
0.710266
0.710406
0.710623
0.71091
0.711257
0.711654
0.710398
0.710974
0.713035
0.713758
0.713949
0.713883
0.713716
0.713471
0.71316
0.712798
0.712407
0.712011
0.71163
0.711278
0.710968
0.710713
0.710525
0.710414
0.710386
0.710441
0.710578
0.710789
0.711067
0.711402
0.711783
0.710857
0.711454
0.713073
0.713811
0.713955
0.713854
0.713673
0.713427
0.713127
0.712782
0.712416
0.712049
0.711697
0.711371
0.711083
0.710848
0.710676
0.710577
0.710554
0.710611
0.710744
0.710949
0.711217
0.711539
0.711903
0.71118
0.712048
0.713507
0.714025
0.713995
0.713845
0.713643
0.713393
0.7131
0.712773
0.712431
0.71209
0.711764
0.711462
0.711197
0.71098
0.710823
0.710734
0.710717
0.710774
0.710904
0.711101
0.711359
0.711668
0.712016
0.711341
0.712643
0.713884
0.714196
0.714034
0.713839
0.713617
0.713364
0.713078
0.712769
0.71245
0.712134
0.711832
0.711552
0.711307
0.711108
0.710965
0.710885
0.710873
0.710931
0.711057
0.711247
0.711494
0.71179
0.712122
0.71137
0.713014
0.714099
0.714271
0.714044
0.713822
0.71359
0.713337
0.713061
0.712769
0.712472
0.712179
0.711899
0.711641
0.711414
0.711231
0.711101
0.71103
0.711023
0.711081
0.711203
0.711385
0.711622
0.711904
0.712221
0.711156
0.713017
0.714104
0.714236
0.714014
0.71379
0.713559
0.713311
0.713047
0.712773
0.712497
0.712226
0.711966
0.711726
0.711517
0.711349
0.711231
0.711168
0.711165
0.711223
0.711342
0.711517
0.711743
0.712012
0.712314
0.710981
0.712806
0.713975
0.714125
0.71395
0.713743
0.713522
0.713284
0.713035
0.712781
0.712525
0.712273
0.712032
0.711809
0.711616
0.711462
0.711355
0.711299
0.7113
0.711358
0.711473
0.711641
0.711857
0.712114
0.712402
0.710851
0.712725
0.713788
0.713975
0.713862
0.713683
0.713479
0.713257
0.713026
0.712791
0.712554
0.71232
0.712096
0.711889
0.711711
0.711569
0.711472
0.711423
0.711428
0.711485
0.711596
0.711758
0.711964
0.71221
0.712485
0.710975
0.712598
0.713526
0.713785
0.71375
0.713609
0.713432
0.713232
0.713021
0.712805
0.712585
0.712367
0.712158
0.711966
0.7118
0.71167
0.711582
0.71154
0.711547
0.711605
0.711712
0.711867
0.712065
0.712299
0.712563
0.710977
0.712195
0.713148
0.713545
0.713616
0.713523
0.713383
0.713209
0.71302
0.712822
0.712618
0.712414
0.712218
0.712038
0.711885
0.711765
0.711685
0.711649
0.711659
0.711716
0.711821
0.71197
0.712159
0.712383
0.712635
0.710598
0.711552
0.712588
0.713219
0.713465
0.713428
0.713334
0.713192
0.713025
0.712843
0.712652
0.71246
0.712275
0.712107
0.711965
0.711854
0.711782
0.71175
0.711763
0.71182
0.711921
0.712065
0.712246
0.712461
0.712703
0.709757
0.7104
0.711738
0.712672
0.713225
0.713321
0.713288
0.713183
0.713036
0.712868
0.712687
0.712505
0.71233
0.712172
0.712039
0.711937
0.711871
0.711844
0.711858
0.711915
0.712014
0.712152
0.712327
0.712534
0.712766
0.708599
0.708962
0.710631
0.711951
0.712885
0.713231
0.713264
0.71319
0.713056
0.712897
0.712724
0.712548
0.712381
0.712232
0.712107
0.712013
0.711953
0.71193
0.711946
0.712002
0.712099
0.712233
0.712401
0.7126
0.712824
0.707475
0.707644
0.709605
0.711634
0.712779
0.713213
0.713273
0.713213
0.713086
0.712931
0.712761
0.71259
0.71243
0.712288
0.71217
0.712082
0.712027
0.712008
0.712026
0.712082
0.712176
0.712306
0.712469
0.712661
0.712877
0.7069
0.706917
0.709065
0.711446
0.712749
0.713229
0.71331
0.713255
0.713126
0.712968
0.712798
0.71263
0.712475
0.712339
0.712227
0.712144
0.712094
0.712078
0.712097
0.712153
0.712246
0.712372
0.71253
0.712715
0.712924
0.707143
0.706979
0.709259
0.711398
0.712737
0.713311
0.71338
0.713315
0.713174
0.713009
0.712835
0.712668
0.712515
0.712384
0.712277
0.7122
0.712153
0.71214
0.712161
0.712217
0.712308
0.712431
0.712584
0.712764
0.712967
0.707958
0.707935
0.709788
0.711853
0.712956
0.713458
0.713486
0.71339
0.713228
0.713049
0.71287
0.712702
0.712551
0.712423
0.712321
0.712248
0.712205
0.712194
0.712217
0.712273
0.712362
0.712482
0.712632
0.712807
0.713003
0.708819
0.708956
0.710552
0.712393
0.71329
0.71364
0.713613
0.713473
0.713283
0.713088
0.712901
0.712731
0.712581
0.712456
0.712358
0.712288
0.712248
0.71224
0.712264
0.712321
0.712409
0.712527
0.712673
0.712844
0.713035
0.709411
0.709779
0.711243
0.712864
0.713617
0.713835
0.713742
0.713552
0.713333
0.713122
0.712927
0.712753
0.712604
0.712481
0.712386
0.71232
0.712284
0.712278
0.712304
0.712361
0.712448
0.712564
0.712707
0.712874
0.713061
0.709669
0.710324
0.711794
0.713236
0.713923
0.714013
0.713854
0.713619
0.713374
0.713147
0.712945
0.712769
0.71262
0.712499
0.712407
0.712345
0.712312
0.712308
0.712336
0.712393
0.71248
0.712595
0.712735
0.712899
0.713081
0.709609
0.710601
0.712174
0.713514
0.714155
0.714149
0.713937
0.713666
0.7134
0.713162
0.712954
0.712776
0.712627
0.712509
0.71242
0.712361
0.712331
0.71233
0.712359
0.712417
0.712504
0.712618
0.712756
0.712917
0.713096
0.709272
0.710674
0.712373
0.71368
0.714302
0.714227
0.713981
0.713687
0.713409
0.713163
0.712952
0.712773
0.712626
0.71251
0.712424
0.712368
0.712341
0.712343
0.712374
0.712434
0.712521
0.712634
0.712771
0.712929
0.713106
0.708772
0.710539
0.712393
0.713749
0.714342
0.71424
0.713983
0.713681
0.713398
0.713149
0.712937
0.712759
0.712614
0.712501
0.712419
0.712367
0.712343
0.712349
0.712382
0.712443
0.71253
0.712643
0.712779
0.712935
0.71311
0.707929
0.710209
0.712299
0.713731
0.714289
0.714193
0.713942
0.713645
0.713365
0.713118
0.712908
0.712733
0.712592
0.712483
0.712405
0.712357
0.712337
0.712345
0.712381
0.712444
0.712532
0.712645
0.71278
0.712935
0.713108
0.707196
0.709897
0.712171
0.713631
0.714159
0.714091
0.713862
0.71358
0.71331
0.71307
0.712864
0.712694
0.712558
0.712455
0.712382
0.712338
0.712322
0.712334
0.712372
0.712437
0.712527
0.71264
0.712775
0.71293
0.713101
0.706897
0.709679
0.712025
0.713477
0.713973
0.713946
0.713746
0.713487
0.713232
0.713002
0.712805
0.712643
0.712514
0.712416
0.712349
0.71231
0.712299
0.712314
0.712356
0.712423
0.712514
0.712628
0.712764
0.712918
0.713089
0.707075
0.709716
0.711984
0.713289
0.713751
0.713763
0.713597
0.713366
0.71313
0.712916
0.712731
0.712578
0.712457
0.712367
0.712306
0.712273
0.712267
0.712286
0.712331
0.712401
0.712494
0.71261
0.712746
0.712901
0.713071
0.707641
0.710004
0.711942
0.713071
0.713503
0.713549
0.713418
0.713217
0.713006
0.71281
0.71264
0.7125
0.71239
0.712308
0.712255
0.712227
0.712226
0.71225
0.712299
0.712372
0.712467
0.712585
0.712722
0.712877
0.713049
0.708317
0.710249
0.711858
0.712821
0.713229
0.713304
0.713209
0.713043
0.712859
0.712686
0.712534
0.712409
0.71231
0.712239
0.712193
0.712173
0.712178
0.712206
0.712259
0.712335
0.712434
0.712553
0.712692
0.712849
0.713021
0.708875
0.710396
0.711707
0.712534
0.712924
0.713026
0.712971
0.712842
0.712691
0.712543
0.712413
0.712304
0.71222
0.712159
0.712123
0.71211
0.712121
0.712155
0.712212
0.712292
0.712393
0.712515
0.712656
0.712814
0.712988
0.709224
0.710399
0.711473
0.7122
0.712581
0.712715
0.712702
0.712615
0.7125
0.712383
0.712277
0.712188
0.712118
0.71207
0.712043
0.712038
0.712056
0.712095
0.712157
0.712241
0.712345
0.71247
0.712613
0.712774
0.71295
0.709338
0.710244
0.711143
0.711804
0.712191
0.712364
0.7124
0.712361
0.712288
0.712205
0.712127
0.712059
0.712006
0.711971
0.711955
0.711959
0.711983
0.712029
0.712095
0.712183
0.712291
0.712419
0.712565
0.712728
0.712907
0.70922
0.709912
0.710696
0.711328
0.711742
0.711968
0.712064
0.712081
0.712055
0.712011
0.711963
0.711919
0.711885
0.711864
0.711859
0.711871
0.711903
0.711954
0.712026
0.712118
0.71223
0.712361
0.712511
0.712677
0.712858
0.708869
0.709377
0.7101
0.710748
0.711222
0.711522
0.711692
0.711774
0.711803
0.711802
0.711787
0.711769
0.711754
0.711748
0.711755
0.711777
0.711815
0.711873
0.71195
0.712046
0.712162
0.712297
0.712451
0.71262
0.712805
0.708246
0.708625
0.709324
0.71004
0.710616
0.71102
0.711284
0.711443
0.711533
0.711581
0.711602
0.711611
0.711616
0.711626
0.711644
0.711675
0.711721
0.711784
0.711866
0.711967
0.712088
0.712227
0.712384
0.712558
0.712747
0.707283
0.707585
0.708329
0.70917
0.709907
0.710455
0.710838
0.711089
0.711249
0.711349
0.711408
0.711446
0.711472
0.711497
0.711526
0.711566
0.71162
0.711689
0.711776
0.711882
0.712007
0.71215
0.712312
0.71249
0.712683
0.706052
0.706202
0.707054
0.708118
0.709079
0.709821
0.710355
0.710716
0.710953
0.71111
0.71121
0.711276
0.711323
0.711362
0.711403
0.711452
0.711512
0.711587
0.711679
0.71179
0.711919
0.712067
0.712233
0.712416
0.712614
0.704666
0.704662
0.705552
0.70689
0.708134
0.709122
0.70984
0.710328
0.710651
0.710867
0.711008
0.711103
0.71117
0.711224
0.711275
0.711331
0.711398
0.711479
0.711576
0.711691
0.711825
0.711977
0.712148
0.712336
0.71254
0.703243
0.703078
0.704005
0.705544
0.707074
0.708369
0.709306
0.709934
0.710349
0.710627
0.710808
0.71093
0.711015
0.711082
0.711142
0.711206
0.711278
0.711363
0.711465
0.711585
0.711724
0.711881
0.712057
0.71225
0.71246
0.702061
0.701657
0.702521
0.704188
0.706039
0.707558
0.708761
0.709549
0.710056
0.710395
0.710614
0.71076
0.710861
0.710938
0.711006
0.711075
0.711152
0.711242
0.711348
0.711472
0.711615
0.711778
0.711959
0.712158
0.712374
0.701274
0.700611
0.701317
0.703
0.705067
0.706741
0.708214
0.709191
0.709783
0.710179
0.710429
0.710595
0.710708
0.710793
0.710867
0.71094
0.71102
0.711114
0.711224
0.711352
0.7115
0.711667
0.711854
0.71206
0.712282
0.700981
0.70008
0.70057
0.702127
0.7042
0.70618
0.70771
0.708874
0.709546
0.709984
0.710259
0.710438
0.710558
0.710648
0.710724
0.7108
0.710883
0.710979
0.711092
0.711224
0.711377
0.711549
0.711742
0.711954
0.712184
0.701182
0.70011
0.700372
0.701696
0.703638
0.705798
0.707386
0.708626
0.709356
0.709819
0.710107
0.710291
0.710413
0.710503
0.710579
0.710655
0.710739
0.710837
0.710953
0.711089
0.711246
0.711424
0.711623
0.711842
0.712079
0.70174
0.70063
0.700721
0.701782
0.703484
0.705504
0.707245
0.70847
0.709219
0.709687
0.709976
0.710156
0.710274
0.710359
0.710432
0.710505
0.710589
0.710688
0.710806
0.710945
0.711107
0.71129
0.711496
0.711722
0.711967
0.702456
0.70149
0.701507
0.702354
0.703768
0.705488
0.707197
0.708375
0.709138
0.709593
0.709867
0.710033
0.710139
0.710215
0.710281
0.710351
0.710432
0.710531
0.710651
0.710793
0.710959
0.711148
0.71136
0.711594
0.711848
0.703111
0.702464
0.70257
0.703292
0.704433
0.705808
0.707262
0.708359
0.709141
0.709539
0.709783
0.709924
0.71001
0.710071
0.710127
0.71019
0.710268
0.710366
0.710487
0.710632
0.710802
0.710997
0.711216
0.711458
0.711721
0.703545
0.703325
0.7037
0.704437
0.705379
0.706426
0.707543
0.708512
0.709165
0.709518
0.70972
0.709826
0.709885
0.709926
0.709968
0.710022
0.710095
0.710192
0.710313
0.710461
0.710636
0.710837
0.711063
0.711313
0.711586
0.703731
0.70394
0.704716
0.705615
0.706474
0.707258
0.708043
0.708773
0.709254
0.709548
0.709681
0.709738
0.709762
0.709778
0.709803
0.709846
0.709913
0.710007
0.710129
0.71028
0.710459
0.710666
0.7109
0.711159
0.711441
0.703685
0.704226
0.705455
0.706659
0.707572
0.708186
0.708665
0.709123
0.709445
0.709609
0.709659
0.709656
0.709637
0.709625
0.70963
0.709661
0.709721
0.709812
0.709934
0.710088
0.710272
0.710485
0.710727
0.710995
0.711288
0.703311
0.704228
0.705869
0.707452
0.708544
0.709107
0.709355
0.709544
0.709667
0.709687
0.709643
0.709573
0.709508
0.709463
0.709447
0.709465
0.709517
0.709605
0.709727
0.709883
0.710072
0.710292
0.710542
0.71082
0.711124
0.7026
0.703974
0.705973
0.707939
0.709295
0.70992
0.710032
0.709988
0.709903
0.709771
0.709625
0.709484
0.709368
0.70929
0.709251
0.709255
0.7093
0.709384
0.709507
0.709666
0.70986
0.710088
0.710346
0.710634
0.71095
0.701646
0.703418
0.705779
0.708112
0.709773
0.710548
0.710623
0.710409
0.710134
0.709852
0.709593
0.709381
0.709214
0.709101
0.70904
0.70903
0.709067
0.709149
0.709273
0.709436
0.709635
0.70987
0.710138
0.710436
0.710764
0.70048
0.702631
0.705326
0.707991
0.709961
0.710942
0.711067
0.710758
0.710327
0.709913
0.70954
0.709256
0.709039
0.708893
0.708811
0.708788
0.708818
0.708898
0.709023
0.70919
0.709396
0.709639
0.709916
0.710226
0.710566
0.699173
0.701669
0.704666
0.707617
0.709869
0.711079
0.711321
0.71099
0.710446
0.70992
0.70946
0.709102
0.708839
0.708661
0.70856
0.708526
0.708551
0.70863
0.708757
0.708929
0.709142
0.709393
0.70968
0.710002
0.710355
0.697812
0.700604
0.703856
0.70704
0.709526
0.710961
0.711359
0.711073
0.710474
0.709855
0.709328
0.708908
0.708606
0.708402
0.708284
0.708242
0.708264
0.708343
0.708474
0.708651
0.708872
0.709132
0.70943
0.709763
0.71013
0.696486
0.699508
0.702951
0.706309
0.708974
0.710603
0.711179
0.710987
0.710388
0.709713
0.70913
0.708668
0.708335
0.708111
0.707981
0.707934
0.707955
0.708037
0.708172
0.708356
0.708585
0.708855
0.709164
0.70951
0.709891
0.695275
0.698451
0.702011
0.705471
0.708258
0.710037
0.710785
0.71072
0.710171
0.709486
0.708867
0.708377
0.708021
0.707785
0.707649
0.707599
0.707623
0.707709
0.707851
0.708042
0.70828
0.70856
0.708881
0.70924
0.709636
0.694245
0.697487
0.701086
0.704573
0.707419
0.709299
0.710196
0.710272
0.70981
0.709154
0.708529
0.708027
0.707661
0.70742
0.707284
0.707238
0.707266
0.707359
0.707509
0.707709
0.707957
0.708248
0.70858
0.708953
0.709363
0.69343
0.69666
0.700221
0.703663
0.706501
0.708429
0.709441
0.709653
0.709303
0.708708
0.708107
0.707612
0.70725
0.707014
0.706885
0.706846
0.706884
0.706986
0.707145
0.707356
0.707614
0.707916
0.708261
0.708647
0.709073
0.692841
0.695992
0.699446
0.702777
0.705544
0.707468
0.708551
0.708884
0.708654
0.708146
0.707596
0.707129
0.706786
0.706566
0.70645
0.706425
0.706475
0.706589
0.70676
0.706982
0.707251
0.707565
0.707923
0.708323
0.708764
0.692469
0.695492
0.69879
0.701939
0.704578
0.706451
0.707565
0.707992
0.707878
0.707472
0.706994
0.706575
0.706267
0.706073
0.705979
0.705973
0.706039
0.706168
0.706352
0.706586
0.706867
0.707193
0.707563
0.707977
0.708433
0.692287
0.695162
0.698256
0.701165
0.703629
0.705415
0.706521
0.707009
0.706998
0.706697
0.706306
0.705952
0.705692
0.705535
0.705471
0.705489
0.705576
0.705722
0.705921
0.706168
0.706461
0.7068
0.707182
0.707609
0.708081
0.692314
0.694949
0.697805
0.700461
0.702728
0.704393
0.705458
0.705973
0.706042
0.705841
0.705542
0.705263
0.705063
0.704953
0.704925
0.704975
0.705086
0.705251
0.705466
0.705727
0.706033
0.706383
0.706778
0.707219
0.707705
0.692476
0.694873
0.697437
0.699842
0.701896
0.703414
0.70441
0.704921
0.705044
0.704927
0.704717
0.704518
0.704385
0.704328
0.704348
0.70443
0.704568
0.704756
0.704988
0.705264
0.705582
0.705944
0.70635
0.706803
0.707303
0.69275
0.694904
0.69716
0.699318
0.701147
0.702504
0.703408
0.70389
0.70404
0.703985
0.703852
0.703729
0.703664
0.703669
0.703737
0.703853
0.704026
0.704237
0.704487
0.704777
0.705107
0.705479
0.705896
0.706361
0.706874
0.693107
0.695018
0.696983
0.698894
0.700491
0.701679
0.702477
0.70291
0.703063
0.703048
0.702974
0.702917
0.702916
0.702979
0.703093
0.703258
0.703461
0.703695
0.703963
0.704266
0.704608
0.704989
0.705416
0.70589
0.706416
0.693516
0.695192
0.696906
0.698564
0.699931
0.700952
0.701637
0.702008
0.702144
0.702146
0.702112
0.702104
0.702154
0.702269
0.702434
0.702641
0.702869
0.703129
0.703416
0.703733
0.704083
0.704473
0.704907
0.705389
0.705925
0.693953
0.695408
0.696899
0.698311
0.699465
0.700328
0.7009
0.701203
0.701307
0.701309
0.701294
0.701316
0.701402
0.701555
0.701762
0.702001
0.702261
0.702542
0.70285
0.703176
0.703534
0.703929
0.704367
0.704856
0.7054
0.694398
0.695649
0.696929
0.698119
0.699087
0.699806
0.700271
0.700505
0.700571
0.700558
0.700544
0.700578
0.700682
0.700857
0.70109
0.701355
0.701637
0.701942
0.702266
0.702597
0.702958
0.703356
0.703796
0.704288
0.704838
0.694833
0.695902
0.696989
0.697986
0.698793
0.699382
0.699751
0.699918
0.699943
0.699907
0.699882
0.699912
0.700016
0.700195
0.700435
0.700715
0.701014
0.701334
0.701657
0.701995
0.702357
0.702752
0.703192
0.703683
0.704235
0.695245
0.696156
0.697074
0.697905
0.698572
0.699049
0.699333
0.699441
0.699426
0.699364
0.699318
0.699333
0.699424
0.699589
0.699819
0.700094
0.700396
0.700713
0.701035
0.70137
0.701728
0.702118
0.702551
0.703037
0.703587
0.695625
0.696401
0.697175
0.697868
0.698416
0.698798
0.699009
0.699066
0.699016
0.698927
0.698858
0.698851
0.698917
0.699056
0.699259
0.69951
0.699794
0.700097
0.700406
0.700727
0.701073
0.701451
0.701873
0.702348
0.702891
0.695968
0.696631
0.697286
0.697864
0.698315
0.698617
0.698768
0.698784
0.698705
0.69859
0.698498
0.698465
0.698503
0.698608
0.698771
0.698981
0.699226
0.699496
0.699781
0.700074
0.70039
0.700749
0.701155
0.701613
0.702142
0.696272
0.696842
0.697399
0.697885
0.698257
0.698496
0.6986
0.698582
0.698479
0.698344
0.698229
0.69817
0.698178
0.698246
0.698364
0.698521
0.698711
0.698928
0.699166
0.699421
0.699693
0.700009
0.700394
0.700833
0.701336
0.696536
0.697031
0.69751
0.697923
0.698233
0.698422
0.69849
0.698448
0.698327
0.698175
0.698041
0.697958
0.697936
0.697968
0.69804
0.69814
0.698264
0.69841
0.69858
0.698776
0.698997
0.699249
0.699581
0.7
0.700476
0.69676
0.697196
0.697615
0.697972
0.698235
0.698387
0.698428
0.698368
0.698234
0.69807
0.69792
0.697814
0.697765
0.697764
0.697792
0.697836
0.69789
0.697957
0.698043
0.698157
0.698305
0.698489
0.698738
0.6991
0.699551
0.696945
0.697337
0.697711
0.698027
0.698255
0.698381
0.698402
0.69833
0.698189
0.698016
0.697852
0.697727
0.697652
0.697619
0.697608
0.697601
0.697589
0.697575
0.697569
0.697584
0.697633
0.69773
0.697896
0.69816
0.698556
0.697093
0.697452
0.697794
0.698081
0.698285
0.698394
0.698404
0.698325
0.698179
0.698
0.697825
0.697682
0.697583
0.69752
0.697473
0.697422
0.697352
0.697264
0.697168
0.697079
0.697016
0.697001
0.697058
0.697214
0.697506
0.697204
0.697542
0.697862
0.698131
0.698321
0.69842
0.698424
0.698342
0.698195
0.698012
0.697828
0.697669
0.697547
0.697454
0.697373
0.697281
0.697163
0.697011
0.696836
0.696649
0.696472
0.696333
0.696262
0.69629
0.696454
0.69728
0.697605
0.697914
0.698174
0.698358
0.698453
0.698455
0.698374
0.698227
0.698043
0.697851
0.697676
0.697531
0.697409
0.697295
0.697166
0.697005
0.696803
0.696561
0.696291
0.696011
0.69575
0.695543
0.695427
0.695445
0.697324
0.697645
0.697951
0.698208
0.698393
0.698489
0.698495
0.698416
0.698271
0.698085
0.697885
0.697696
0.697526
0.697375
0.697228
0.697063
0.696865
0.696621
0.696329
0.695993
0.695629
0.695265
0.694932
0.694674
0.694538
0.697343
0.697666
0.697975
0.698237
0.698427
0.698529
0.69854
0.698465
0.698321
0.698132
0.697925
0.697719
0.697527
0.697347
0.697166
0.696967
0.696733
0.696453
0.696121
0.695738
0.695313
0.694869
0.694439
0.694062
0.693787
0.697348
0.697682
0.698001
0.698273
0.698472
0.698582
0.698597
0.698525
0.69838
0.698186
0.697967
0.697744
0.697528
0.697318
0.697106
0.696875
0.696608
0.696293
0.695925
0.695503
0.695035
0.694537
0.694039
0.69358
0.693205
0.697359
0.697712
0.698048
0.698335
0.698545
0.698662
0.698681
0.698607
0.698455
0.698249
0.698013
0.697768
0.697527
0.69729
0.697048
0.696787
0.69649
0.696143
0.695739
0.695279
0.694773
0.694233
0.69369
0.69318
0.692749
0.69738
0.697755
0.698111
0.698413
0.698632
0.698755
0.698773
0.698693
0.698531
0.698309
0.698054
0.697788
0.697524
0.697266
0.697003
0.696719
0.696398
0.696025
0.695592
0.695101
0.694562
0.693991
0.693417
0.692878
0.692422
0.707844
0.710602
0.71278
0.714513
0.715847
0.716643
0.717042
0.717239
0.71733
0.717279
0.71716
0.716999
0.716827
0.716681
0.716568
0.716497
0.716471
0.716473
0.716523
0.716568
0.716687
0.716781
0.716928
0.717023
0.717242
0.712863
0.711635
0.711578
0.711903
0.712384
0.712956
0.713512
0.713988
0.714341
0.714571
0.714756
0.714894
0.714984
0.71503
0.71506
0.715082
0.715107
0.715149
0.715178
0.71526
0.715286
0.715418
0.715409
0.71562
0.71551
0.711215
0.712145
0.712755
0.713177
0.713432
0.713587
0.713732
0.713856
0.713959
0.714074
0.714168
0.714262
0.714325
0.714368
0.714393
0.714407
0.714414
0.71441
0.714396
0.714389
0.714361
0.714363
0.714348
0.71438
0.714331
0.710995
0.711408
0.712188
0.712931
0.713546
0.71395
0.714202
0.714383
0.714554
0.71472
0.714816
0.714863
0.714873
0.714858
0.714836
0.714813
0.714779
0.714737
0.714697
0.714631
0.714594
0.71451
0.714516
0.714431
0.714468
0.711432
0.711838
0.712252
0.712775
0.713337
0.713825
0.714189
0.71448
0.714731
0.714945
0.715107
0.715189
0.715229
0.715234
0.715219
0.71519
0.715152
0.715121
0.715084
0.715033
0.714992
0.714918
0.714891
0.714819
0.714808
0.711215
0.711831
0.712366
0.712864
0.713348
0.713774
0.71413
0.714428
0.714685
0.714902
0.715072
0.715192
0.715262
0.715299
0.715301
0.715287
0.715269
0.715245
0.715216
0.715185
0.715138
0.715088
0.715042
0.71498
0.714931
0.711377
0.711871
0.712412
0.712945
0.713431
0.713837
0.714171
0.714456
0.714707
0.714921
0.715089
0.715212
0.715289
0.715328
0.715336
0.715327
0.715308
0.715278
0.715243
0.7152
0.715146
0.715097
0.715038
0.71497
0.714908
0.71142
0.71194
0.712467
0.712999
0.713487
0.713896
0.714233
0.714524
0.714782
0.715003
0.71518
0.715305
0.71538
0.715417
0.715424
0.715411
0.715384
0.715345
0.715299
0.715244
0.715182
0.715116
0.715041
0.714966
0.714885
0.711507
0.712024
0.712547
0.713063
0.713533
0.713934
0.714274
0.714573
0.714842
0.715073
0.715259
0.715392
0.715475
0.715517
0.715527
0.715511
0.71548
0.715437
0.715385
0.715324
0.715254
0.715174
0.715086
0.714999
0.7149
0.711609
0.71212
0.712637
0.713136
0.713584
0.713971
0.714307
0.714609
0.714881
0.715116
0.715308
0.715448
0.715539
0.715588
0.715601
0.715588
0.715557
0.715513
0.71546
0.715396
0.715321
0.715235
0.715137
0.715037
0.714924
0.711724
0.712224
0.712727
0.713206
0.713636
0.714011
0.714342
0.714642
0.714914
0.715151
0.715344
0.715486
0.715582
0.715634
0.71565
0.715639
0.715609
0.715565
0.71551
0.715443
0.715364
0.715274
0.715168
0.715058
0.714935
0.711845
0.71233
0.712813
0.71327
0.713682
0.714048
0.714376
0.714675
0.714947
0.715183
0.715377
0.715521
0.715618
0.715672
0.71569
0.71568
0.715649
0.715603
0.715544
0.715473
0.71539
0.715295
0.715183
0.715065
0.714932
0.711967
0.712432
0.712893
0.713329
0.713725
0.714082
0.714407
0.714705
0.714975
0.71521
0.715404
0.71555
0.715648
0.715704
0.715723
0.715714
0.715682
0.715633
0.715571
0.715497
0.715409
0.715308
0.715191
0.715065
0.714924
0.712084
0.712528
0.712967
0.713382
0.713765
0.714114
0.714435
0.71473
0.714998
0.715232
0.715424
0.71557
0.715671
0.715728
0.715749
0.71574
0.715707
0.715656
0.715591
0.715513
0.715422
0.715317
0.715195
0.715062
0.714915
0.712193
0.712616
0.713034
0.713432
0.713802
0.714144
0.714461
0.714753
0.715017
0.715249
0.715439
0.715585
0.715685
0.715744
0.715765
0.715756
0.715723
0.71567
0.715603
0.715523
0.715428
0.71532
0.715194
0.715057
0.714905
0.712295
0.712698
0.713096
0.713478
0.713838
0.714173
0.714485
0.714773
0.715034
0.715262
0.71545
0.715594
0.715695
0.715753
0.715775
0.715766
0.715732
0.715678
0.715609
0.715526
0.715429
0.715317
0.71519
0.715049
0.714895
0.712389
0.712773
0.713154
0.713523
0.713872
0.7142
0.714508
0.714792
0.715049
0.715272
0.715457
0.7156
0.715699
0.715757
0.715779
0.71577
0.715735
0.71568
0.715609
0.715524
0.715425
0.715312
0.715184
0.71504
0.714885
0.712478
0.712844
0.713209
0.713565
0.713905
0.714227
0.714529
0.714808
0.71506
0.71528
0.715461
0.715601
0.715699
0.715757
0.715779
0.715769
0.715734
0.715678
0.715606
0.71552
0.71542
0.715305
0.715176
0.715032
0.714878
0.71256
0.712911
0.713262
0.713606
0.713937
0.714252
0.714548
0.714822
0.715069
0.715284
0.715462
0.715599
0.715696
0.715753
0.715774
0.715765
0.715729
0.715674
0.715601
0.715514
0.715413
0.715298
0.715169
0.715025
0.714872
0.712638
0.712974
0.713312
0.713644
0.713967
0.714275
0.714565
0.714834
0.715076
0.715286
0.71546
0.715594
0.715689
0.715745
0.715767
0.715758
0.715722
0.715667
0.715594
0.715507
0.715406
0.715292
0.715164
0.715021
0.71487
0.712712
0.713034
0.71336
0.713681
0.713995
0.714296
0.71458
0.714843
0.71508
0.715285
0.715455
0.715586
0.715679
0.715735
0.715757
0.715748
0.715714
0.715659
0.715586
0.7155
0.7154
0.715286
0.71516
0.71502
0.714872
0.712781
0.71309
0.713404
0.713716
0.714022
0.714315
0.714593
0.71485
0.715081
0.715281
0.715447
0.715576
0.715667
0.715722
0.715744
0.715736
0.715704
0.71565
0.715579
0.715493
0.715395
0.715283
0.715159
0.715022
0.714877
0.712847
0.713144
0.713446
0.713749
0.714046
0.714332
0.714603
0.714854
0.715079
0.715275
0.715437
0.715563
0.715653
0.715708
0.715731
0.715724
0.715693
0.715641
0.715572
0.715488
0.715391
0.715282
0.715161
0.715028
0.714886
0.712908
0.713194
0.713486
0.71378
0.714068
0.714347
0.714611
0.714856
0.715075
0.715266
0.715424
0.715548
0.715637
0.715692
0.715716
0.715711
0.715682
0.715632
0.715566
0.715484
0.71539
0.715284
0.715166
0.715037
0.714899
0.712965
0.71324
0.713523
0.713808
0.714088
0.714359
0.714616
0.714855
0.715069
0.715255
0.71541
0.715532
0.71562
0.715676
0.715701
0.715698
0.715671
0.715625
0.715561
0.715482
0.715391
0.715288
0.715174
0.715049
0.714916
0.713018
0.713284
0.713557
0.713833
0.714105
0.714369
0.71462
0.714852
0.715061
0.715243
0.715394
0.715514
0.715602
0.715658
0.715685
0.715685
0.715661
0.715618
0.715557
0.715482
0.715395
0.715295
0.715185
0.715065
0.714936
0.713067
0.713323
0.713588
0.713855
0.71412
0.714376
0.71462
0.714846
0.71505
0.715228
0.715377
0.715496
0.715583
0.715641
0.715669
0.715672
0.715652
0.715612
0.715556
0.715484
0.715401
0.715305
0.7152
0.715083
0.71496
0.713111
0.713359
0.713616
0.713875
0.714132
0.714381
0.714619
0.714839
0.715039
0.715213
0.715359
0.715477
0.715565
0.715623
0.715654
0.71566
0.715644
0.715608
0.715555
0.715489
0.715409
0.715318
0.715217
0.715106
0.714986
0.713151
0.713391
0.71364
0.713892
0.714141
0.714384
0.714616
0.714831
0.715025
0.715196
0.715341
0.715457
0.715546
0.715606
0.71564
0.715649
0.715637
0.715606
0.715557
0.715495
0.71542
0.715333
0.715237
0.715131
0.715016
0.713187
0.71342
0.713661
0.713905
0.714148
0.714385
0.71461
0.71482
0.715011
0.715179
0.715322
0.715438
0.715527
0.71559
0.715626
0.71564
0.715632
0.715605
0.715561
0.715504
0.715433
0.715352
0.71526
0.715159
0.715049
0.713217
0.713444
0.713678
0.713916
0.714153
0.714383
0.714603
0.714809
0.714996
0.715161
0.715303
0.715419
0.715509
0.715574
0.715614
0.715631
0.715628
0.715606
0.715568
0.715515
0.71545
0.715373
0.715286
0.715189
0.715085
0.713243
0.713463
0.713692
0.713924
0.714154
0.714379
0.714595
0.714796
0.71498
0.715143
0.715284
0.7154
0.715492
0.71556
0.715603
0.715625
0.715626
0.715609
0.715576
0.715528
0.715468
0.715397
0.715315
0.715223
0.715123
0.713264
0.713479
0.713702
0.713928
0.714153
0.714374
0.714585
0.714782
0.714963
0.715125
0.715265
0.715383
0.715476
0.715547
0.715594
0.71562
0.715626
0.715615
0.715587
0.715545
0.71549
0.715423
0.715346
0.715259
0.715164
0.71328
0.71349
0.713708
0.713929
0.71415
0.714366
0.714573
0.714768
0.714947
0.715107
0.715248
0.715366
0.715462
0.715535
0.715587
0.715617
0.715629
0.715622
0.7156
0.715563
0.715514
0.715452
0.71538
0.715298
0.715208
0.713291
0.713497
0.71371
0.713928
0.714144
0.714356
0.71456
0.714753
0.71493
0.71509
0.715231
0.71535
0.715449
0.715526
0.715581
0.715617
0.715634
0.715633
0.715616
0.715585
0.715541
0.715484
0.715417
0.71534
0.715254
0.713297
0.713499
0.713709
0.713923
0.714136
0.714345
0.714547
0.714737
0.714913
0.715073
0.715215
0.715336
0.715438
0.715518
0.715578
0.715619
0.715641
0.715646
0.715635
0.715609
0.71557
0.715519
0.715457
0.715385
0.715303
0.713298
0.713498
0.713705
0.713915
0.714125
0.714332
0.714532
0.714721
0.714897
0.715057
0.7152
0.715324
0.715428
0.715513
0.715578
0.715623
0.715651
0.715662
0.715656
0.715637
0.715603
0.715557
0.7155
0.715432
0.715355
0.713295
0.713492
0.713696
0.713904
0.714113
0.714318
0.714516
0.714704
0.714881
0.715042
0.715187
0.715313
0.715421
0.71551
0.71558
0.715631
0.715664
0.71568
0.715681
0.715667
0.715639
0.715598
0.715546
0.715482
0.715409
0.713286
0.713482
0.713684
0.713891
0.714098
0.714302
0.714499
0.714688
0.714865
0.715028
0.715175
0.715304
0.715416
0.71551
0.715584
0.715641
0.71568
0.715702
0.715709
0.7157
0.715678
0.715642
0.715595
0.715536
0.715466
0.713273
0.713467
0.713669
0.713875
0.714081
0.714284
0.714482
0.714671
0.714849
0.715014
0.715164
0.715298
0.715414
0.715512
0.715592
0.715654
0.715699
0.715728
0.71574
0.715737
0.71572
0.71569
0.715647
0.715592
0.715526
0.713255
0.713449
0.71365
0.713856
0.714062
0.714265
0.714464
0.714655
0.714835
0.715002
0.715155
0.715293
0.715413
0.715517
0.715603
0.715671
0.715722
0.715756
0.715775
0.715778
0.715766
0.715741
0.715703
0.715652
0.715589
0.713233
0.713427
0.713628
0.713834
0.714041
0.714245
0.714445
0.714638
0.714821
0.714991
0.715148
0.71529
0.715416
0.715525
0.715616
0.715691
0.715748
0.715788
0.715813
0.715822
0.715816
0.715795
0.715762
0.715715
0.715656
0.713206
0.713401
0.713603
0.71381
0.714018
0.714224
0.714426
0.714621
0.714807
0.714982
0.715143
0.71529
0.715421
0.715536
0.715633
0.715714
0.715778
0.715824
0.715855
0.71587
0.715869
0.715854
0.715825
0.715782
0.715726
0.713174
0.71337
0.713574
0.713783
0.713993
0.714201
0.714406
0.714605
0.714795
0.714973
0.71514
0.715292
0.715429
0.715549
0.715654
0.715741
0.715811
0.715864
0.715901
0.715922
0.715927
0.715916
0.715891
0.715852
0.7158
0.713138
0.713336
0.713542
0.713753
0.713966
0.714178
0.714386
0.714588
0.714783
0.714966
0.715138
0.715296
0.715439
0.715566
0.715677
0.715771
0.715848
0.715908
0.715951
0.715978
0.715988
0.715983
0.715962
0.715927
0.715878
0.713097
0.713298
0.713507
0.713721
0.713937
0.714153
0.714365
0.714572
0.714771
0.714961
0.715138
0.715303
0.715452
0.715587
0.715705
0.715806
0.715889
0.715956
0.716006
0.716039
0.716055
0.716054
0.716038
0.716006
0.71596
0.713052
0.713257
0.713469
0.713686
0.713906
0.714126
0.714344
0.714556
0.714761
0.714956
0.715141
0.715312
0.715469
0.71561
0.715735
0.715844
0.715935
0.716009
0.716065
0.716104
0.716125
0.71613
0.716118
0.71609
0.716047
0.713003
0.713211
0.713427
0.713649
0.713874
0.714099
0.714322
0.71454
0.714751
0.714954
0.715145
0.715323
0.715488
0.715637
0.71577
0.715886
0.715985
0.716066
0.716129
0.716174
0.716201
0.716211
0.716203
0.716179
0.716138
0.712949
0.713161
0.713382
0.713609
0.713839
0.71407
0.714299
0.714524
0.714742
0.714952
0.715151
0.715337
0.71551
0.715667
0.715809
0.715933
0.716039
0.716127
0.716197
0.716249
0.716282
0.716297
0.716293
0.716272
0.716234
0.71289
0.713107
0.713333
0.713566
0.713802
0.714039
0.714276
0.714508
0.714734
0.714951
0.715159
0.715354
0.715535
0.715701
0.715851
0.715983
0.716098
0.716194
0.716271
0.716329
0.716368
0.716388
0.716389
0.716371
0.716336
0.712826
0.713049
0.713281
0.71352
0.713763
0.714008
0.714251
0.714492
0.714726
0.714952
0.715169
0.715373
0.715563
0.715738
0.715897
0.716039
0.716162
0.716266
0.71635
0.716415
0.71646
0.716485
0.71649
0.716476
0.716443
0.712757
0.712987
0.713225
0.713471
0.713722
0.713974
0.714226
0.714475
0.714719
0.714955
0.71518
0.715394
0.715594
0.715779
0.715948
0.716098
0.71623
0.716342
0.716435
0.716507
0.716558
0.716588
0.716598
0.716587
0.716556
0.712684
0.71292
0.713166
0.713419
0.713678
0.713939
0.7142
0.714459
0.714712
0.714958
0.715194
0.715418
0.715629
0.715824
0.716003
0.716163
0.716304
0.716425
0.716525
0.716604
0.716662
0.716698
0.716712
0.716704
0.716675
0.712605
0.712848
0.713102
0.713364
0.713631
0.713902
0.714173
0.714442
0.714706
0.714962
0.715209
0.715445
0.715666
0.715873
0.716062
0.716232
0.716383
0.716513
0.716622
0.716708
0.716772
0.716814
0.716832
0.716828
0.716801
0.71252
0.712772
0.713034
0.713305
0.713582
0.713863
0.714144
0.714424
0.714699
0.714968
0.715226
0.715474
0.715707
0.715925
0.716125
0.716306
0.716467
0.716607
0.716724
0.716819
0.71689
0.716937
0.71696
0.716959
0.716934
0.71243
0.71269
0.712961
0.713242
0.713529
0.713821
0.714114
0.714406
0.714693
0.714974
0.715245
0.715505
0.715751
0.715981
0.716193
0.716386
0.716557
0.716707
0.716834
0.716936
0.717014
0.717067
0.717095
0.717098
0.717075
0.712333
0.712602
0.712884
0.713175
0.713474
0.713777
0.714082
0.714386
0.714687
0.714981
0.715265
0.715539
0.715798
0.716041
0.716266
0.71647
0.716653
0.716814
0.71695
0.717061
0.717146
0.717205
0.717238
0.717244
0.717223
0.71223
0.712509
0.712801
0.713103
0.713414
0.71373
0.714048
0.714366
0.71468
0.714988
0.715287
0.715575
0.715848
0.716105
0.716343
0.71656
0.716755
0.716927
0.717073
0.717193
0.717286
0.717351
0.717389
0.717398
0.71738
0.712121
0.71241
0.712713
0.713027
0.71335
0.713679
0.714011
0.714344
0.714673
0.714996
0.71531
0.715613
0.715901
0.716173
0.716425
0.716656
0.716864
0.717047
0.717203
0.717333
0.717434
0.717506
0.717549
0.717562
0.717545
0.712004
0.712303
0.712618
0.712945
0.713282
0.713625
0.713972
0.71432
0.714665
0.715004
0.715335
0.715653
0.715958
0.716245
0.716512
0.716757
0.716978
0.717174
0.717342
0.717481
0.717591
0.71767
0.717718
0.717734
0.71772
0.711879
0.71219
0.712518
0.712858
0.713209
0.713568
0.71393
0.714294
0.714656
0.715012
0.71536
0.715696
0.716017
0.716321
0.716604
0.716864
0.7171
0.717308
0.717488
0.717638
0.717756
0.717843
0.717896
0.717917
0.717904
0.711746
0.712069
0.71241
0.712765
0.713131
0.713505
0.713885
0.714266
0.714646
0.71502
0.715386
0.71574
0.71608
0.716401
0.716701
0.716977
0.717228
0.71745
0.717643
0.717804
0.717932
0.718026
0.718085
0.718109
0.718098
0.711604
0.71194
0.712295
0.712665
0.713047
0.713438
0.713836
0.714235
0.714634
0.715028
0.715413
0.715787
0.716145
0.716485
0.716803
0.717097
0.717363
0.7176
0.717806
0.717979
0.718117
0.718219
0.718284
0.718313
0.718304
0.711452
0.711803
0.712172
0.712558
0.712957
0.713366
0.713782
0.714202
0.71462
0.715034
0.71544
0.715835
0.716213
0.716573
0.71691
0.717222
0.717506
0.717759
0.717979
0.718164
0.718312
0.718423
0.718495
0.718527
0.71852
0.711291
0.711655
0.71204
0.712443
0.71286
0.713288
0.713724
0.714164
0.714604
0.71504
0.715468
0.715884
0.716284
0.716665
0.717023
0.717354
0.717656
0.717926
0.718161
0.718359
0.718518
0.718638
0.718717
0.718754
0.718749
0.711119
0.711498
0.711899
0.712319
0.712755
0.713203
0.71366
0.714122
0.714585
0.715044
0.715495
0.715934
0.716358
0.716761
0.717141
0.717493
0.717814
0.718101
0.718352
0.718565
0.718736
0.718865
0.718951
0.718993
0.71899
0.710935
0.71133
0.711748
0.712186
0.712642
0.713111
0.71359
0.714075
0.714562
0.715045
0.715522
0.715986
0.716434
0.716861
0.717264
0.717638
0.71798
0.718286
0.718554
0.718782
0.718966
0.719105
0.719199
0.719245
0.719244
0.710739
0.71115
0.711586
0.712043
0.71252
0.713011
0.713514
0.714023
0.714535
0.715045
0.715547
0.716038
0.716512
0.716965
0.717392
0.71779
0.718154
0.718481
0.718767
0.71901
0.719208
0.719358
0.71946
0.719511
0.719512
0.710529
0.710957
0.711411
0.711889
0.712387
0.712902
0.713429
0.713965
0.714503
0.71504
0.715571
0.71609
0.716592
0.717072
0.717526
0.717949
0.718336
0.718685
0.71899
0.719251
0.719463
0.719625
0.719735
0.719792
0.719795
0.710305
0.710751
0.711224
0.711723
0.712244
0.712783
0.713336
0.713899
0.714466
0.715032
0.715593
0.716141
0.716673
0.717183
0.717665
0.718114
0.718527
0.718899
0.719225
0.719504
0.719731
0.719906
0.720025
0.720087
0.720093
0.710066
0.71053
0.711023
0.711544
0.712088
0.712653
0.713234
0.713825
0.714422
0.71502
0.715612
0.716192
0.716756
0.717296
0.717808
0.718287
0.718726
0.719123
0.719472
0.71977
0.720014
0.720201
0.72033
0.720399
0.720407
0.709811
0.710292
0.710807
0.71135
0.711919
0.712511
0.71312
0.713742
0.714371
0.715001
0.715627
0.716241
0.716838
0.717412
0.717957
0.718466
0.718934
0.719358
0.719731
0.72005
0.720311
0.720513
0.720652
0.720728
0.720738
0.709537
0.710038
0.710574
0.71114
0.711736
0.712355
0.712994
0.713648
0.714311
0.714976
0.715637
0.716288
0.716921
0.717531
0.718109
0.718652
0.719151
0.719603
0.720002
0.720343
0.720624
0.720841
0.720991
0.721073
0.721087
0.709245
0.709765
0.710322
0.710913
0.711535
0.712184
0.712855
0.713543
0.714241
0.714943
0.715642
0.716331
0.717003
0.71765
0.718266
0.718844
0.719377
0.719859
0.720285
0.720651
0.720952
0.721185
0.721348
0.721437
0.721453
0.708932
0.709472
0.710051
0.710667
0.711317
0.711996
0.7127
0.713423
0.714159
0.7149
0.71564
0.71637
0.717083
0.717771
0.718427
0.719042
0.719611
0.720126
0.720582
0.720974
0.721297
0.721547
0.721723
0.72182
0.721839
0.708597
0.709156
0.709758
0.7104
0.711078
0.711789
0.712528
0.713289
0.714064
0.714847
0.71563
0.716404
0.717161
0.717892
0.71859
0.719246
0.719853
0.720404
0.720892
0.721312
0.721658
0.721928
0.722117
0.722223
0.722245
0.708238
0.708817
0.709442
0.710109
0.710817
0.711561
0.712336
0.713136
0.713953
0.714781
0.715609
0.71643
0.717234
0.718012
0.718755
0.719455
0.720103
0.720692
0.721215
0.721665
0.722037
0.722327
0.722531
0.722646
0.722671
0.707853
0.708451
0.709099
0.709793
0.710532
0.71131
0.712123
0.712964
0.713825
0.714699
0.715576
0.716447
0.717301
0.718129
0.718922
0.719669
0.720361
0.720991
0.721551
0.722034
0.722433
0.722745
0.722965
0.72309
0.723119
0.70744
0.708057
0.708727
0.709449
0.710218
0.711032
0.711884
0.712768
0.713677
0.7146
0.715529
0.716453
0.717361
0.718243
0.719088
0.719886
0.720626
0.721301
0.7219
0.722418
0.722847
0.723183
0.72342
0.723556
0.723589
0.706996
0.707632
0.708324
0.709073
0.709874
0.710724
0.711617
0.712547
0.713505
0.714481
0.715465
0.716446
0.717412
0.718352
0.719253
0.720105
0.720897
0.721619
0.722262
0.722818
0.723279
0.72364
0.723896
0.724044
0.724081
0.706519
0.707172
0.707886
0.708661
0.709494
0.710382
0.711319
0.712296
0.713306
0.714338
0.715381
0.716423
0.717451
0.718452
0.719414
0.720325
0.721173
0.721947
0.722637
0.723233
0.723729
0.724118
0.724394
0.724554
0.724595
0.706005
0.706674
0.707409
0.708211
0.709077
0.710003
0.710984
0.712011
0.713076
0.714168
0.715273
0.71638
0.717474
0.718542
0.71957
0.720544
0.721452
0.722282
0.723022
0.723664
0.724197
0.724616
0.724914
0.725087
0.725133
0.705452
0.706135
0.706889
0.707717
0.708615
0.709581
0.710608
0.711688
0.712811
0.713965
0.715138
0.716314
0.717479
0.718619
0.719717
0.72076
0.721733
0.722623
0.723418
0.724108
0.724682
0.725133
0.725455
0.725643
0.725693
0.704855
0.705549
0.706322
0.707174
0.708105
0.709111
0.710185
0.71132
0.712504
0.713725
0.714969
0.71622
0.717462
0.718678
0.719853
0.720969
0.722013
0.722968
0.723823
0.724565
0.725183
0.725669
0.726017
0.72622
0.726276
0.70421
0.704913
0.705701
0.706577
0.70754
0.708586
0.70971
0.710902
0.71215
0.713442
0.714762
0.716092
0.717416
0.718716
0.719973
0.721169
0.722289
0.723315
0.724234
0.725033
0.725699
0.726224
0.726599
0.726819
0.726881
0.703512
0.704219
0.70502
0.705918
0.706912
0.707999
0.709173
0.710425
0.711741
0.713108
0.714509
0.715925
0.717337
0.718726
0.720072
0.721355
0.722557
0.723661
0.72465
0.725509
0.726228
0.726794
0.7272
0.727438
0.727506
0.702755
0.703463
0.704273
0.705189
0.706214
0.707342
0.708568
0.709881
0.711269
0.712716
0.714203
0.71571
0.717218
0.718703
0.720145
0.721522
0.722813
0.724
0.725065
0.725992
0.726767
0.727378
0.727817
0.728075
0.72815
0.701935
0.702636
0.70345
0.704383
0.705435
0.706604
0.707883
0.709261
0.710723
0.712254
0.713834
0.71544
0.717049
0.718639
0.720184
0.721663
0.723051
0.724329
0.725476
0.726476
0.727312
0.727973
0.728447
0.728728
0.72881
0.701043
0.701731
0.702544
0.703488
0.704565
0.705774
0.707106
0.708551
0.710092
0.711713
0.71339
0.715102
0.716822
0.718524
0.720182
0.72177
0.723264
0.72464
0.725878
0.726956
0.72786
0.728574
0.729087
0.729391
0.729481
0.70008
0.700739
0.701544
0.702494
0.703593
0.704839
0.706225
0.707738
0.709363
0.711077
0.71286
0.714685
0.716523
0.718347
0.720127
0.721834
0.723443
0.724926
0.726261
0.727426
0.728403
0.729175
0.729731
0.73006
0.730158
0.699049
0.699653
0.70044
0.701389
0.702504
0.703785
0.705224
0.706808
0.708518
0.710332
0.712226
0.714173
0.716139
0.718094
0.720006
0.721843
0.723576
0.725176
0.726618
0.727877
0.728933
0.729769
0.730371
0.730728
0.730835
0.697951
0.698499
0.699221
0.700168
0.70129
0.702599
0.704087
0.705742
0.707541
0.70946
0.711471
0.713548
0.715654
0.71775
0.719805
0.721783
0.723651
0.725378
0.726936
0.728298
0.729441
0.730346
0.730998
0.731386
0.731501
0.69678
0.697271
0.697937
0.698833
0.699948
0.701273
0.702804
0.704526
0.706415
0.708442
0.710576
0.712791
0.715048
0.717295
0.719505
0.721636
0.723651
0.725516
0.727201
0.728674
0.729912
0.730893
0.7316
0.73202
0.732146
0.695628
0.696002
0.696591
0.697426
0.698502
0.699818
0.701379
0.703158
0.705135
0.707269
0.709524
0.711882
0.714305
0.71671
0.719088
0.721383
0.723557
0.725572
0.727394
0.72899
0.730331
0.731394
0.732161
0.732616
0.732752
0.694564
0.694794
0.695262
0.695997
0.697008
0.698293
0.699855
0.701673
0.703722
0.705951
0.708315
0.710825
0.71341
0.715981
0.718539
0.721011
0.723352
0.725528
0.727498
0.729224
0.730677
0.731829
0.73266
0.733154
0.733301
0.693664
0.693742
0.694068
0.694676
0.695587
0.696807
0.698338
0.700161
0.702243
0.704544
0.70703
0.709692
0.712404
0.715139
0.717874
0.720526
0.723033
0.725377
0.7275
0.729364
0.730934
0.73218
0.733079
0.733612
0.733772
0.692968
0.692923
0.693122
0.693607
0.69441
0.695545
0.697016
0.698811
0.700897
0.703239
0.70583
0.708582
0.711401
0.714293
0.717188
0.719987
0.722653
0.725159
0.727431
0.729428
0.731112
0.73245
0.733416
0.73399
0.73416
0.692449
0.692334
0.69246
0.692871
0.693604
0.694679
0.696105
0.697873
0.699957
0.702326
0.704945
0.707754
0.710677
0.713678
0.716674
0.719588
0.722392
0.725021
0.72741
0.729515
0.731291
0.732704
0.733724
0.734331
0.734511
0.692101
0.691968
0.692077
0.692473
0.693193
0.694259
0.695681
0.697452
0.699548
0.701941
0.70459
0.707432
0.710403
0.713454
0.716505
0.719488
0.722362
0.725055
0.727507
0.729669
0.731495
0.732949
0.734
0.734624
0.73481
)
;

boundaryField
{
    back
    {
        type            empty;
    }
    cylinder
    {
        type            zeroGradient;
    }
    front
    {
        type            empty;
    }
    inlet
    {
        type            fixedValue;
        value           uniform 0.714286;
    }
    outlet
    {
        type            zeroGradient;
    }
}


// ************************************************************************* //
