/*--------------------------------*- C++ -*----------------------------------*\
| =========                 |                                                 |
| \\      /  F ield         | OpenFOAM: The Open Source CFD Toolbox           |
|  \\    /   O peration     | Version:  v1912                                 |
|   \\  /    A nd           | Website:  www.openfoam.com                      |
|    \\/     M anipulation  |                                                 |
\*---------------------------------------------------------------------------*/
FoamFile
{
    version     2.0;
    format      ascii;
    class       volScalarField;
    location    "1000";
    object      pMean;
}
// * * * * * * * * * * * * * * * * * * * * * * * * * * * * * * * * * * * * * //

dimensions      [1 -1 -2 0 0 0 0];


internalField   nonuniform List<scalar> 
9900
(
0.717091
0.717148
0.717112
0.717146
0.717116
0.71711
0.717077
0.717045
0.717006
0.716956
0.7169
0.716832
0.716754
0.716654
0.71653
0.716381
0.716216
0.716037
0.715841
0.715627
0.715388
0.715123
0.714826
0.714492
0.714142
0.715511
0.715348
0.715407
0.715288
0.71528
0.715195
0.715142
0.715068
0.71499
0.714913
0.714827
0.714744
0.714656
0.714568
0.714482
0.714397
0.714312
0.714218
0.714115
0.714014
0.713932
0.71388
0.71387
0.713904
0.714007
0.714187
0.714142
0.714152
0.714118
0.714107
0.714083
0.714069
0.714048
0.714028
0.714008
0.713989
0.713973
0.713961
0.71396
0.713974
0.714003
0.714037
0.714075
0.714116
0.714157
0.714203
0.71425
0.714296
0.714306
0.71426
0.714202
0.714268
0.714239
0.714286
0.714271
0.7143
0.714303
0.714317
0.714327
0.714333
0.71434
0.714342
0.714344
0.714345
0.714347
0.714344
0.714336
0.714329
0.714322
0.714314
0.714296
0.714257
0.714194
0.71411
0.714042
0.71454
0.714574
0.714562
0.714581
0.714576
0.714584
0.714581
0.714581
0.714578
0.714572
0.714563
0.71455
0.714533
0.71451
0.714482
0.714447
0.714408
0.714368
0.714327
0.714286
0.714243
0.7142
0.714162
0.714148
0.714161
0.714654
0.714654
0.714649
0.714637
0.714632
0.714617
0.714605
0.714588
0.714572
0.714554
0.714532
0.714509
0.714482
0.714452
0.71442
0.714385
0.714351
0.714318
0.714285
0.714252
0.714222
0.714195
0.714173
0.714154
0.71412
0.714614
0.714613
0.714607
0.714595
0.714588
0.714573
0.714559
0.714542
0.714524
0.714504
0.714483
0.71446
0.714435
0.71441
0.714384
0.714357
0.714331
0.714305
0.714279
0.714253
0.714227
0.714202
0.714175
0.714147
0.714122
0.714588
0.714588
0.714584
0.714579
0.714571
0.714563
0.71455
0.714537
0.714522
0.714505
0.714486
0.714465
0.714443
0.71442
0.714395
0.714369
0.714342
0.714315
0.714287
0.714258
0.714229
0.7142
0.71417
0.714142
0.714117
0.714603
0.714604
0.714601
0.714597
0.71459
0.714583
0.714571
0.714559
0.714544
0.714526
0.714507
0.714485
0.714462
0.714436
0.714409
0.714381
0.71435
0.714319
0.714288
0.714257
0.714225
0.714195
0.714165
0.714138
0.714113
0.714631
0.71463
0.714627
0.714622
0.714614
0.714605
0.714592
0.714577
0.714561
0.714541
0.71452
0.714496
0.71447
0.714443
0.714413
0.714382
0.714351
0.714318
0.714286
0.714253
0.714222
0.714191
0.714161
0.714133
0.714108
0.714652
0.71465
0.714646
0.714639
0.71463
0.714619
0.714605
0.714589
0.71457
0.714549
0.714526
0.714501
0.714474
0.714445
0.714415
0.714383
0.71435
0.714317
0.714284
0.714251
0.714219
0.714187
0.714157
0.714128
0.714102
0.714667
0.714665
0.71466
0.714653
0.714643
0.714631
0.714616
0.714599
0.71458
0.714558
0.714534
0.714508
0.714479
0.71445
0.714418
0.714386
0.714352
0.714318
0.714284
0.71425
0.714216
0.714184
0.714152
0.714123
0.714095
0.714683
0.714681
0.714676
0.714668
0.714658
0.714645
0.71463
0.714612
0.714592
0.714569
0.714544
0.714516
0.714487
0.714456
0.714423
0.714389
0.714355
0.714319
0.714284
0.714248
0.714213
0.714179
0.714147
0.714116
0.714088
0.714701
0.714699
0.714693
0.714686
0.714675
0.714661
0.714645
0.714626
0.714605
0.714581
0.714554
0.714526
0.714495
0.714463
0.714429
0.714393
0.714357
0.71432
0.714283
0.714246
0.71421
0.714175
0.714141
0.714109
0.71408
0.714721
0.714718
0.714713
0.714704
0.714693
0.714678
0.714661
0.714641
0.714619
0.714593
0.714566
0.714536
0.714503
0.714469
0.714434
0.714397
0.714359
0.714321
0.714282
0.714244
0.714206
0.71417
0.714135
0.714102
0.714071
0.714741
0.714739
0.714732
0.714723
0.714711
0.714696
0.714678
0.714657
0.714633
0.714606
0.714577
0.714546
0.714512
0.714476
0.714439
0.714401
0.714361
0.714321
0.714281
0.714241
0.714202
0.714164
0.714128
0.714094
0.714062
0.714763
0.71476
0.714753
0.714743
0.71473
0.714714
0.714695
0.714673
0.714648
0.71462
0.714589
0.714556
0.714521
0.714484
0.714445
0.714405
0.714364
0.714322
0.71428
0.714239
0.714198
0.714159
0.714121
0.714085
0.714052
0.714785
0.714782
0.714774
0.714764
0.714751
0.714734
0.714713
0.71469
0.714664
0.714634
0.714602
0.714568
0.714531
0.714492
0.714451
0.714409
0.714366
0.714323
0.714279
0.714236
0.714194
0.714152
0.714113
0.714076
0.714041
0.714808
0.714805
0.714797
0.714786
0.714772
0.714754
0.714733
0.714708
0.71468
0.71465
0.714616
0.71458
0.714541
0.7145
0.714458
0.714414
0.714369
0.714324
0.714278
0.714233
0.714189
0.714146
0.714105
0.714066
0.71403
0.714833
0.714829
0.714821
0.71481
0.714794
0.714776
0.714753
0.714727
0.714698
0.714666
0.71463
0.714592
0.714552
0.714509
0.714465
0.714419
0.714372
0.714325
0.714277
0.71423
0.714183
0.714139
0.714096
0.714055
0.714017
0.714858
0.714854
0.714846
0.714834
0.714818
0.714798
0.714775
0.714747
0.714717
0.714683
0.714646
0.714606
0.714563
0.714519
0.714472
0.714424
0.714375
0.714325
0.714275
0.714226
0.714178
0.714131
0.714086
0.714043
0.714004
0.714885
0.714881
0.714872
0.71486
0.714843
0.714822
0.714797
0.714768
0.714736
0.714701
0.714662
0.71462
0.714575
0.714528
0.71448
0.714429
0.714378
0.714326
0.714274
0.714222
0.714172
0.714122
0.714075
0.714031
0.713989
0.714914
0.714909
0.7149
0.714886
0.714869
0.714847
0.714821
0.714791
0.714757
0.714719
0.714678
0.714635
0.714588
0.714539
0.714488
0.714435
0.714381
0.714327
0.714272
0.714218
0.714165
0.714113
0.714064
0.714017
0.713974
0.714944
0.714939
0.714929
0.714915
0.714896
0.714873
0.714846
0.714814
0.714778
0.714739
0.714696
0.71465
0.714601
0.71455
0.714496
0.714441
0.714384
0.714327
0.71427
0.714213
0.714158
0.714104
0.714052
0.714003
0.713958
0.714975
0.71497
0.714959
0.714945
0.714925
0.714901
0.714872
0.714839
0.714801
0.71476
0.714715
0.714666
0.714615
0.714561
0.714505
0.714447
0.714388
0.714328
0.714268
0.714208
0.71415
0.714093
0.714039
0.713988
0.71394
0.715008
0.715002
0.714992
0.714976
0.714955
0.71493
0.714899
0.714864
0.714825
0.714782
0.714734
0.714684
0.71463
0.714573
0.714514
0.714453
0.714391
0.714328
0.714265
0.714203
0.714142
0.714082
0.714025
0.713971
0.713921
0.715042
0.715037
0.715025
0.715009
0.714987
0.71496
0.714928
0.714891
0.71485
0.714805
0.714755
0.714702
0.714645
0.714585
0.714523
0.71446
0.714394
0.714328
0.714262
0.714197
0.714133
0.71407
0.71401
0.713954
0.713901
0.715079
0.715073
0.715061
0.715043
0.71502
0.714992
0.714959
0.71492
0.714877
0.714829
0.714777
0.71472
0.714661
0.714598
0.714533
0.714466
0.714398
0.714329
0.714259
0.714191
0.714123
0.714058
0.713995
0.713935
0.713879
0.715117
0.715111
0.715098
0.71508
0.715056
0.715026
0.714991
0.71495
0.714904
0.714854
0.714799
0.71474
0.714678
0.714612
0.714544
0.714473
0.714402
0.714329
0.714256
0.714184
0.714113
0.714044
0.713978
0.713915
0.713857
0.715157
0.71515
0.715137
0.715118
0.715093
0.715061
0.715024
0.714982
0.714934
0.714881
0.714823
0.714761
0.714695
0.714626
0.714555
0.714481
0.714405
0.714329
0.714252
0.714176
0.714102
0.714029
0.71396
0.713894
0.713832
0.715199
0.715192
0.715178
0.715158
0.715131
0.715099
0.71506
0.715015
0.714964
0.714909
0.714848
0.714783
0.714714
0.714641
0.714566
0.714488
0.714409
0.714329
0.714248
0.714168
0.71409
0.714014
0.71394
0.713871
0.713806
0.715244
0.715236
0.715222
0.7152
0.715172
0.715138
0.715097
0.71505
0.714996
0.714938
0.714874
0.714806
0.714733
0.714657
0.714578
0.714496
0.714413
0.714328
0.714244
0.71416
0.714077
0.713997
0.71392
0.713847
0.713779
0.71529
0.715282
0.715267
0.715245
0.715215
0.715179
0.715136
0.715086
0.71503
0.714969
0.714902
0.71483
0.714754
0.714674
0.71459
0.714504
0.714417
0.714328
0.714239
0.714151
0.714064
0.713979
0.713898
0.713821
0.713749
0.715339
0.715331
0.715315
0.715291
0.71526
0.715222
0.715177
0.715125
0.715066
0.715001
0.714931
0.714855
0.714775
0.714691
0.714603
0.714513
0.714421
0.714327
0.714234
0.714141
0.714049
0.713961
0.713875
0.713794
0.713718
0.715391
0.715382
0.715365
0.71534
0.715308
0.715268
0.71522
0.715165
0.715103
0.715035
0.714961
0.714882
0.714797
0.714709
0.714616
0.714522
0.714425
0.714326
0.714228
0.71413
0.714034
0.713941
0.71385
0.713765
0.713685
0.715445
0.715436
0.715418
0.715392
0.715358
0.715315
0.715265
0.715207
0.715143
0.715071
0.714993
0.714909
0.714821
0.714727
0.71463
0.714531
0.714429
0.714325
0.714222
0.714119
0.714018
0.713919
0.713824
0.713734
0.713649
0.715502
0.715492
0.715474
0.715446
0.71541
0.715366
0.715313
0.715252
0.715184
0.715108
0.715026
0.714938
0.714845
0.714747
0.714645
0.71454
0.714433
0.714324
0.714215
0.714107
0.714
0.713897
0.713797
0.713701
0.713612
0.715562
0.715552
0.715532
0.715503
0.715465
0.715418
0.715363
0.715299
0.715227
0.715148
0.715061
0.714969
0.714871
0.714768
0.71466
0.71455
0.714437
0.714323
0.714208
0.714094
0.713982
0.713872
0.713767
0.713667
0.713572
0.715625
0.715614
0.715594
0.715563
0.715523
0.715474
0.715415
0.715348
0.715272
0.715189
0.715098
0.715001
0.714898
0.714789
0.714676
0.71456
0.714441
0.714321
0.7142
0.71408
0.713962
0.713847
0.713736
0.71363
0.71353
0.715691
0.71568
0.715658
0.715626
0.715584
0.715532
0.715471
0.7154
0.71532
0.715232
0.715137
0.715034
0.714926
0.714811
0.714693
0.71457
0.714445
0.714319
0.714192
0.714065
0.713941
0.71382
0.713703
0.713591
0.713486
0.715761
0.715749
0.715726
0.715693
0.715648
0.715594
0.715529
0.715454
0.71537
0.715278
0.715177
0.715069
0.714955
0.714835
0.71471
0.714581
0.714449
0.714316
0.714183
0.71405
0.713919
0.713791
0.713668
0.71355
0.713439
0.715834
0.715822
0.715798
0.715762
0.715716
0.715658
0.71559
0.715511
0.715423
0.715326
0.71522
0.715106
0.714986
0.714859
0.714728
0.714592
0.714454
0.714314
0.714173
0.714033
0.713895
0.713761
0.71363
0.713506
0.713389
0.715911
0.715898
0.715873
0.715836
0.715786
0.715726
0.715654
0.715571
0.715478
0.715376
0.715264
0.715145
0.715018
0.714885
0.714746
0.714604
0.714458
0.714311
0.714163
0.714015
0.71387
0.713728
0.713591
0.71346
0.713336
0.715992
0.715979
0.715952
0.715913
0.715861
0.715797
0.715721
0.715634
0.715536
0.715428
0.715311
0.715185
0.715052
0.714911
0.714766
0.714616
0.714462
0.714307
0.714151
0.713996
0.713843
0.713694
0.713549
0.713411
0.71328
0.716077
0.716063
0.716035
0.715994
0.715939
0.715872
0.715792
0.7157
0.715597
0.715484
0.71536
0.715227
0.715087
0.714939
0.714786
0.714628
0.714466
0.714303
0.714139
0.713976
0.713815
0.713658
0.713505
0.71336
0.713222
0.716167
0.716152
0.716123
0.716079
0.716022
0.715951
0.715866
0.71577
0.715661
0.715541
0.715411
0.715272
0.715124
0.714968
0.714807
0.71464
0.714471
0.714299
0.714126
0.713954
0.713785
0.713619
0.713459
0.713305
0.71316
0.716261
0.716246
0.716215
0.716169
0.716108
0.716033
0.715945
0.715843
0.715728
0.715602
0.715465
0.715318
0.715162
0.714998
0.714828
0.714653
0.714475
0.714294
0.714112
0.713931
0.713753
0.713579
0.71341
0.713248
0.713094
0.716361
0.716344
0.716311
0.716263
0.716199
0.71612
0.716027
0.715919
0.715799
0.715666
0.715521
0.715366
0.715202
0.71503
0.714851
0.714667
0.714479
0.714288
0.714097
0.713907
0.713719
0.713536
0.713358
0.713187
0.713025
0.716465
0.716448
0.716413
0.716362
0.716295
0.716212
0.716113
0.716
0.715873
0.715733
0.71558
0.715417
0.715244
0.715063
0.714874
0.71468
0.714482
0.714282
0.714081
0.713881
0.713683
0.71349
0.713303
0.713123
0.712952
0.716575
0.716557
0.71652
0.716466
0.716395
0.716308
0.716204
0.716084
0.71595
0.715803
0.715642
0.71547
0.715288
0.715097
0.714899
0.714694
0.714486
0.714275
0.714064
0.713853
0.713645
0.713442
0.713245
0.713055
0.712875
0.716691
0.716671
0.716633
0.716576
0.716501
0.716409
0.716299
0.716173
0.716032
0.715876
0.715707
0.715526
0.715334
0.715132
0.714924
0.714709
0.714489
0.714268
0.714045
0.713823
0.713605
0.713391
0.713183
0.712984
0.712794
0.716812
0.716792
0.716751
0.716692
0.716612
0.716515
0.716399
0.716266
0.716117
0.715953
0.715775
0.715584
0.715381
0.715169
0.714949
0.714723
0.714492
0.714259
0.714025
0.713792
0.713562
0.713337
0.713118
0.712908
0.712708
0.71694
0.716919
0.716876
0.716813
0.716729
0.716626
0.716504
0.716364
0.716207
0.716033
0.715845
0.715644
0.715431
0.715208
0.714976
0.714738
0.714495
0.714249
0.714003
0.713758
0.713516
0.71328
0.71305
0.712829
0.712618
0.717075
0.717052
0.717007
0.716941
0.716852
0.716744
0.716615
0.716467
0.716301
0.716118
0.71592
0.715707
0.715483
0.715247
0.715003
0.714753
0.714497
0.714239
0.71398
0.713722
0.713468
0.713219
0.712977
0.712745
0.712523
0.717217
0.717193
0.717145
0.717075
0.716982
0.716867
0.716731
0.716574
0.716399
0.716206
0.715997
0.715773
0.715536
0.715288
0.715031
0.714767
0.714498
0.714227
0.713954
0.713683
0.713416
0.713154
0.7129
0.712656
0.712422
0.717366
0.717341
0.71729
0.717216
0.717118
0.716996
0.716852
0.716687
0.716502
0.716299
0.716078
0.715842
0.715592
0.715331
0.71506
0.714782
0.714499
0.714213
0.713927
0.713642
0.713361
0.713086
0.712819
0.712562
0.712317
0.717523
0.717496
0.717443
0.717364
0.71726
0.717132
0.71698
0.716806
0.71661
0.716395
0.716162
0.715913
0.71565
0.715375
0.71509
0.714797
0.714499
0.714198
0.713897
0.713598
0.713303
0.713014
0.712733
0.712463
0.712205
0.717688
0.71766
0.717604
0.717521
0.717411
0.717275
0.717114
0.71693
0.716724
0.716497
0.716251
0.715988
0.71571
0.71542
0.71512
0.714811
0.714498
0.714181
0.713865
0.71355
0.71324
0.712937
0.712643
0.712359
0.712088
0.717862
0.717832
0.717773
0.717685
0.717569
0.717425
0.717255
0.71706
0.716842
0.716602
0.716343
0.716065
0.715772
0.715466
0.71515
0.714825
0.714495
0.714163
0.71383
0.713499
0.713174
0.712855
0.712546
0.712249
0.711964
0.718045
0.718014
0.717951
0.717857
0.717734
0.717583
0.717403
0.717197
0.716966
0.716713
0.716439
0.716146
0.715837
0.715514
0.715181
0.714839
0.714491
0.714141
0.713791
0.713444
0.713103
0.712768
0.712444
0.712132
0.711833
0.718238
0.718204
0.718138
0.718039
0.717909
0.717748
0.717558
0.71734
0.717096
0.716828
0.716539
0.716229
0.715903
0.715563
0.715211
0.714851
0.714486
0.714118
0.71375
0.713385
0.713026
0.712676
0.712336
0.712008
0.711695
0.718441
0.718405
0.718335
0.71823
0.718092
0.717922
0.717721
0.71749
0.717232
0.716949
0.716643
0.716316
0.715972
0.715613
0.715242
0.714863
0.714478
0.714091
0.713704
0.713321
0.712945
0.712577
0.712221
0.711878
0.71155
0.718654
0.718616
0.718542
0.718431
0.718285
0.718104
0.717891
0.717647
0.717374
0.717074
0.716751
0.716406
0.716042
0.715663
0.715272
0.714873
0.714468
0.714061
0.713655
0.713253
0.712858
0.712472
0.712099
0.71174
0.711396
0.718879
0.718839
0.71876
0.718642
0.718487
0.718296
0.71807
0.717812
0.717522
0.717205
0.716863
0.716498
0.716114
0.715714
0.715302
0.714881
0.714455
0.714027
0.7136
0.713178
0.712764
0.71236
0.711969
0.711593
0.711234
0.719115
0.719072
0.718989
0.718864
0.7187
0.718497
0.718257
0.717984
0.717677
0.717342
0.716979
0.716594
0.716188
0.715766
0.715331
0.714888
0.714439
0.713989
0.71354
0.713098
0.712663
0.71224
0.711831
0.711438
0.711062
0.719364
0.719319
0.71923
0.719097
0.718923
0.718708
0.718454
0.718163
0.717839
0.717483
0.7171
0.716692
0.716263
0.715818
0.715359
0.714892
0.714419
0.713945
0.713475
0.71301
0.712555
0.712112
0.711684
0.711273
0.710881
0.719625
0.719577
0.719483
0.719342
0.719157
0.718929
0.718659
0.718351
0.718007
0.717631
0.717225
0.716793
0.71634
0.715869
0.715385
0.714892
0.714395
0.713897
0.713402
0.712915
0.712438
0.711975
0.711527
0.711098
0.710689
0.7199
0.71985
0.719749
0.7196
0.719403
0.719161
0.718875
0.718548
0.718183
0.717784
0.717354
0.716897
0.716418
0.71592
0.715409
0.71489
0.714366
0.713842
0.713323
0.712811
0.712312
0.711827
0.71136
0.710912
0.710485
0.72019
0.720136
0.720029
0.71987
0.719661
0.719404
0.7191
0.718753
0.718366
0.717942
0.717486
0.717003
0.716496
0.71597
0.715431
0.714883
0.714331
0.71378
0.713235
0.712698
0.712175
0.711669
0.711181
0.710714
0.71027
0.720495
0.720437
0.720323
0.720155
0.719932
0.719658
0.719335
0.718966
0.718555
0.718106
0.717623
0.71711
0.716574
0.716018
0.715449
0.714871
0.71429
0.71371
0.713137
0.712575
0.712028
0.711498
0.710989
0.710503
0.710041
0.720815
0.720754
0.720633
0.720453
0.720216
0.719925
0.719581
0.719189
0.718753
0.718276
0.717763
0.71722
0.716652
0.716064
0.715462
0.714853
0.714241
0.713631
0.713029
0.71244
0.711868
0.711315
0.710784
0.710278
0.709798
0.721152
0.721087
0.720958
0.720766
0.720514
0.720203
0.719838
0.719421
0.718957
0.71845
0.717906
0.71733
0.716728
0.716107
0.715471
0.714828
0.714183
0.713542
0.71291
0.712293
0.711694
0.711116
0.710564
0.710038
0.70954
0.721505
0.721436
0.721299
0.721094
0.720826
0.720495
0.720106
0.719662
0.719168
0.71863
0.718052
0.717441
0.716804
0.716145
0.715473
0.714794
0.714115
0.713441
0.712777
0.71213
0.711504
0.710902
0.710327
0.709781
0.709265
0.721877
0.721803
0.721657
0.721439
0.721152
0.7208
0.720385
0.719912
0.719387
0.718814
0.718201
0.717552
0.716876
0.716179
0.715469
0.714752
0.714035
0.713326
0.71263
0.711952
0.711298
0.71067
0.710072
0.709506
0.708972
0.722268
0.722189
0.722032
0.7218
0.721494
0.721118
0.720676
0.720172
0.719613
0.719003
0.718351
0.717662
0.716945
0.716206
0.715455
0.714698
0.713943
0.713197
0.712466
0.711756
0.711073
0.710419
0.709798
0.709211
0.70866
0.722677
0.722593
0.722426
0.722178
0.721851
0.721449
0.720978
0.720441
0.719844
0.719196
0.718501
0.71777
0.717008
0.716226
0.715431
0.714631
0.713835
0.71305
0.712283
0.71154
0.710826
0.710146
0.709501
0.708894
0.708326
0.723107
0.723017
0.722838
0.722573
0.722224
0.721795
0.721291
0.720718
0.720082
0.719391
0.718652
0.717874
0.717066
0.716236
0.715394
0.714549
0.71371
0.712884
0.712079
0.711301
0.710557
0.709849
0.709181
0.708554
0.707969
0.723558
0.723461
0.72327
0.722986
0.722613
0.722154
0.721616
0.721004
0.720325
0.719588
0.718802
0.717974
0.717115
0.716235
0.715343
0.71445
0.713565
0.712696
0.711851
0.711038
0.710261
0.709525
0.708834
0.708187
0.707587
0.72403
0.723927
0.723722
0.723418
0.723018
0.722527
0.721952
0.721298
0.720573
0.719787
0.718948
0.718067
0.717154
0.71622
0.715276
0.714331
0.713397
0.712483
0.711596
0.710745
0.709936
0.709172
0.708457
0.707792
0.707177
0.724523
0.724413
0.724193
0.723867
0.723439
0.722914
0.722298
0.721598
0.720824
0.719985
0.71909
0.718152
0.717181
0.716189
0.715188
0.714189
0.713203
0.712241
0.711311
0.710421
0.709578
0.708786
0.708048
0.707365
0.706736
0.725039
0.72492
0.724685
0.724335
0.723877
0.723314
0.722654
0.721905
0.721077
0.72018
0.719226
0.718225
0.717192
0.716138
0.715076
0.714019
0.712979
0.711967
0.710991
0.710062
0.709184
0.708364
0.707602
0.706902
0.706262
0.725577
0.72545
0.725197
0.724822
0.724329
0.723726
0.723018
0.722217
0.721331
0.720372
0.719352
0.718285
0.717185
0.716064
0.714938
0.713819
0.712721
0.711655
0.710633
0.709661
0.708749
0.7079
0.707117
0.706401
0.705751
0.726137
0.726001
0.725729
0.725326
0.724797
0.724149
0.72339
0.722531
0.721582
0.720556
0.719466
0.718327
0.717155
0.715963
0.714767
0.713583
0.712424
0.711302
0.71023
0.709216
0.708268
0.707391
0.706587
0.705858
0.7052
0.726719
0.726572
0.72628
0.725847
0.725279
0.724583
0.723768
0.722846
0.721829
0.72073
0.719564
0.718348
0.717098
0.715829
0.71456
0.713305
0.712081
0.7109
0.709776
0.708719
0.707735
0.70683
0.706007
0.705266
0.704604
0.727323
0.727164
0.72685
0.726384
0.725772
0.725024
0.724149
0.723159
0.722067
0.72089
0.719642
0.718342
0.717008
0.715657
0.714309
0.712979
0.711686
0.710444
0.709266
0.708163
0.707144
0.706212
0.705372
0.704622
0.703959
0.727945
0.727775
0.727436
0.726934
0.726276
0.725471
0.724529
0.723465
0.722294
0.721031
0.719695
0.718304
0.71688
0.71544
0.714007
0.712598
0.711231
0.709924
0.708691
0.707542
0.706486
0.70553
0.704675
0.70392
0.70326
0.728586
0.728402
0.728037
0.727496
0.726787
0.725919
0.724906
0.723762
0.722503
0.721147
0.719715
0.718227
0.716705
0.71517
0.713645
0.712151
0.710708
0.709333
0.708041
0.706845
0.705755
0.704775
0.703908
0.703151
0.7025
0.729241
0.729043
0.728649
0.728065
0.7273
0.726366
0.725274
0.724042
0.722688
0.721232
0.719696
0.718102
0.716474
0.714837
0.713215
0.71163
0.710105
0.708658
0.707307
0.706063
0.704938
0.703938
0.703063
0.70231
0.701674
0.729908
0.729694
0.729268
0.728638
0.727812
0.726804
0.725627
0.7243
0.722843
0.721277
0.719627
0.717919
0.716178
0.71443
0.712703
0.711022
0.70941
0.707889
0.706475
0.705184
0.704027
0.703008
0.702131
0.701389
0.700775
0.73058
0.730349
0.729889
0.729208
0.728316
0.727227
0.725957
0.724526
0.722956
0.721272
0.719499
0.717666
0.715802
0.713935
0.712096
0.710312
0.708609
0.707009
0.705532
0.704194
0.703007
0.701976
0.701102
0.700379
0.699799
0.731252
0.731001
0.730503
0.729766
0.728802
0.727625
0.726253
0.724709
0.723017
0.721203
0.719297
0.717329
0.715332
0.713337
0.711376
0.709484
0.707685
0.706004
0.704463
0.703079
0.701865
0.700828
0.699966
0.699275
0.698745
0.731912
0.731641
0.731102
0.730304
0.72926
0.727987
0.726505
0.724837
0.723011
0.721056
0.719005
0.716892
0.714751
0.712615
0.710527
0.708519
0.70662
0.704855
0.70325
0.701825
0.700592
0.699557
0.698723
0.698087
0.697623
0.73255
0.732256
0.731672
0.730807
0.729677
0.728299
0.726695
0.724892
0.722921
0.720813
0.718605
0.716333
0.714039
0.71175
0.709527
0.707401
0.705397
0.703548
0.701884
0.700426
0.699185
0.698172
0.697397
0.696833
0.696455
0.73315
0.732831
0.732198
0.731261
0.730035
0.728542
0.726806
0.724857
0.722727
0.720454
0.718075
0.715635
0.71318
0.710721
0.70836
0.706118
0.704012
0.702084
0.700372
0.698896
0.697675
0.696714
0.696009
0.695545
0.695303
0.733693
0.733347
0.73266
0.731644
0.730316
0.728699
0.72682
0.724712
0.722415
0.719965
0.717404
0.714787
0.712155
0.70954
0.707028
0.704683
0.70249
0.700499
0.698759
0.697295
0.696121
0.69524
0.694646
0.694322
0.694239
0.734158
0.733783
0.733039
0.731939
0.730503
0.728755
0.726727
0.724455
0.721984
0.719357
0.716608
0.713819
0.711032
0.708281
0.705619
0.703159
0.700907
0.698893
0.697162
0.695744
0.694652
0.693884
0.69343
0.693262
0.693341
0.734542
0.734138
0.733338
0.732156
0.730613
0.728738
0.726565
0.724133
0.721496
0.718708
0.715801
0.71284
0.709919
0.707064
0.704313
0.701756
0.699472
0.697468
0.695779
0.694433
0.69344
0.692793
0.692471
0.692437
0.692647
0.73489
0.734463
0.733617
0.732368
0.730739
0.728761
0.726472
0.723916
0.721146
0.718225
0.715205
0.712134
0.709098
0.706153
0.703353
0.700776
0.698474
0.696482
0.694829
0.693537
0.692612
0.692042
0.691799
0.691843
0.692124
0.735191
0.734752
0.733881
0.732595
0.730919
0.728887
0.726537
0.723915
0.721077
0.718085
0.714999
0.711874
0.708786
0.705801
0.702968
0.700362
0.69804
0.696039
0.694387
0.693102
0.692188
0.691632
0.691405
0.691467
0.691768
0.713849
0.714047
0.71417
0.714161
0.714119
0.714092
0.714075
0.714059
0.714043
0.714026
0.714012
0.713999
0.713989
0.713981
0.713976
0.71397
0.713964
0.713955
0.713947
0.713929
0.71392
0.713869
0.713897
0.713656
0.713469
0.714045
0.714082
0.714145
0.714142
0.714109
0.714084
0.714068
0.714052
0.714037
0.714022
0.714009
0.713999
0.71399
0.713983
0.713977
0.713972
0.713966
0.713958
0.71395
0.713934
0.713925
0.713878
0.713891
0.713598
0.713406
0.714088
0.714073
0.714117
0.714124
0.714101
0.714077
0.714061
0.714047
0.714032
0.714018
0.714007
0.713997
0.713989
0.713983
0.713978
0.713974
0.713968
0.713961
0.713953
0.713938
0.713931
0.713886
0.713893
0.713575
0.713363
0.714069
0.71408
0.714104
0.714109
0.71409
0.714069
0.714053
0.71404
0.714026
0.714014
0.714004
0.713995
0.713989
0.713983
0.713979
0.713975
0.713971
0.713965
0.713958
0.713944
0.713937
0.713892
0.71389
0.713534
0.713299
0.714118
0.714095
0.714096
0.714094
0.714079
0.71406
0.714045
0.714032
0.71402
0.714009
0.714
0.713993
0.713987
0.713983
0.71398
0.713977
0.713974
0.713969
0.713963
0.713952
0.713944
0.7139
0.713886
0.713482
0.713215
0.714095
0.714082
0.714081
0.714079
0.714067
0.714051
0.714037
0.714025
0.714014
0.714004
0.713996
0.71399
0.713986
0.713983
0.713981
0.713979
0.713978
0.713974
0.71397
0.71396
0.713954
0.713911
0.713883
0.71342
0.713114
0.714101
0.714086
0.714078
0.71407
0.714057
0.714042
0.714028
0.714017
0.714007
0.713998
0.713992
0.713987
0.713984
0.713982
0.713982
0.713982
0.713981
0.71398
0.713978
0.713971
0.713965
0.713926
0.713879
0.713356
0.713004
0.714096
0.714079
0.714067
0.714057
0.714045
0.714031
0.714019
0.714008
0.713999
0.713992
0.713987
0.713983
0.713982
0.713982
0.713983
0.713984
0.713986
0.713986
0.713986
0.713982
0.713978
0.713942
0.713872
0.713294
0.712889
0.714091
0.714073
0.714059
0.714047
0.714035
0.714022
0.714009
0.713999
0.713991
0.713985
0.713981
0.713979
0.713979
0.71398
0.713983
0.713986
0.71399
0.713993
0.713995
0.713994
0.713992
0.71396
0.713863
0.713231
0.712775
0.714085
0.714066
0.71405
0.714036
0.714023
0.714011
0.713999
0.71399
0.713983
0.713978
0.713975
0.713975
0.713976
0.713979
0.713983
0.713988
0.713994
0.713999
0.714004
0.714007
0.714006
0.713976
0.713849
0.713166
0.712664
0.714078
0.714058
0.714041
0.714026
0.714012
0.714
0.713989
0.71398
0.713974
0.71397
0.713969
0.71397
0.713972
0.713977
0.713983
0.71399
0.713998
0.714006
0.714013
0.714019
0.71402
0.71399
0.713829
0.713097
0.712555
0.714071
0.714049
0.714031
0.714015
0.714001
0.713989
0.713978
0.71397
0.713965
0.713962
0.713962
0.713964
0.713968
0.713975
0.713983
0.713992
0.714002
0.714013
0.714023
0.714031
0.714033
0.714002
0.713805
0.713023
0.712446
0.714063
0.71404
0.71402
0.714003
0.713989
0.713977
0.713967
0.713959
0.713955
0.713953
0.713954
0.713957
0.713964
0.713972
0.713982
0.713994
0.714006
0.714019
0.714032
0.714043
0.714046
0.714011
0.713775
0.712943
0.712332
0.714053
0.71403
0.714009
0.713991
0.713976
0.713964
0.713954
0.713947
0.713944
0.713943
0.713945
0.71395
0.713958
0.713969
0.713981
0.713995
0.71401
0.714026
0.714042
0.714055
0.714059
0.714016
0.713737
0.712857
0.712211
0.714044
0.714019
0.713997
0.713979
0.713963
0.713951
0.713941
0.713935
0.713932
0.713932
0.713936
0.713942
0.713952
0.713964
0.713979
0.713996
0.714014
0.714033
0.714052
0.714067
0.714071
0.714017
0.713694
0.712766
0.712087
0.714033
0.714007
0.713985
0.713965
0.713949
0.713937
0.713927
0.713921
0.713919
0.71392
0.713925
0.713934
0.713945
0.71396
0.713977
0.713996
0.714017
0.714039
0.714061
0.714079
0.714084
0.714017
0.713645
0.712673
0.71196
0.714022
0.713995
0.713971
0.713951
0.713934
0.713922
0.713912
0.713907
0.713905
0.713908
0.713914
0.713924
0.713937
0.713954
0.713974
0.713996
0.71402
0.714045
0.714071
0.714092
0.714096
0.714014
0.713593
0.712578
0.711832
0.71401
0.713981
0.713957
0.713936
0.713919
0.713905
0.713896
0.713891
0.71389
0.713894
0.713901
0.713913
0.713928
0.713947
0.71397
0.713995
0.714022
0.714051
0.714081
0.714104
0.714108
0.714007
0.713537
0.712481
0.711705
0.713997
0.713967
0.713941
0.713919
0.713902
0.713888
0.713879
0.713874
0.713874
0.713879
0.713888
0.713901
0.713918
0.71394
0.713965
0.713993
0.714024
0.714056
0.71409
0.714115
0.714118
0.713995
0.713475
0.712381
0.711579
0.713983
0.713952
0.713925
0.713902
0.713884
0.71387
0.713861
0.713856
0.713857
0.713862
0.713872
0.713887
0.713907
0.713931
0.713958
0.71399
0.714024
0.714061
0.714098
0.714126
0.714126
0.713979
0.713408
0.712276
0.711452
0.713968
0.713935
0.713907
0.713883
0.713864
0.71385
0.713841
0.713837
0.713838
0.713844
0.713856
0.713872
0.713894
0.71392
0.713951
0.713986
0.714024
0.714064
0.714105
0.714135
0.714131
0.713956
0.713333
0.712169
0.711327
0.713952
0.713918
0.713888
0.713863
0.713843
0.713829
0.713819
0.713816
0.713817
0.713825
0.713838
0.713856
0.71388
0.713909
0.713942
0.71398
0.714022
0.714066
0.714111
0.714142
0.714133
0.713927
0.713253
0.71206
0.711203
0.713934
0.713899
0.713868
0.713842
0.713821
0.713806
0.713796
0.713793
0.713795
0.713803
0.713818
0.713838
0.713864
0.713895
0.713932
0.713973
0.714019
0.714067
0.714115
0.714147
0.71413
0.713891
0.713168
0.711951
0.711083
0.713916
0.713879
0.713846
0.713819
0.713797
0.713781
0.713772
0.713768
0.713771
0.71378
0.713796
0.713818
0.713846
0.71388
0.71392
0.713965
0.714014
0.714067
0.714117
0.71415
0.714123
0.71385
0.713079
0.711843
0.710966
0.713896
0.713857
0.713823
0.713794
0.713772
0.713755
0.713745
0.713742
0.713745
0.713755
0.713772
0.713796
0.713826
0.713863
0.713906
0.713955
0.714008
0.714064
0.714118
0.71415
0.714111
0.713802
0.712985
0.711735
0.710852
0.713875
0.713834
0.713798
0.713768
0.713744
0.713727
0.713716
0.713713
0.713717
0.713728
0.713746
0.713772
0.713805
0.713844
0.71389
0.713943
0.714
0.71406
0.714116
0.714148
0.714095
0.713748
0.712888
0.711625
0.710741
0.713853
0.713809
0.713772
0.71374
0.713715
0.713697
0.713686
0.713682
0.713686
0.713698
0.713718
0.713745
0.71378
0.713823
0.713872
0.713929
0.71399
0.714054
0.714112
0.714143
0.714074
0.713689
0.712785
0.711515
0.71063
0.713829
0.713783
0.713743
0.71371
0.713683
0.713664
0.713653
0.713649
0.713653
0.713666
0.713687
0.713716
0.713754
0.713799
0.713852
0.713912
0.713977
0.714045
0.714105
0.714134
0.714046
0.713626
0.71268
0.711404
0.71052
0.713803
0.713755
0.713713
0.713678
0.71365
0.713629
0.713617
0.713613
0.713618
0.713631
0.713653
0.713684
0.713724
0.713773
0.713829
0.713893
0.713962
0.714034
0.714096
0.714121
0.714013
0.713557
0.712571
0.711291
0.710411
0.713776
0.713725
0.713681
0.713643
0.713614
0.713592
0.713579
0.713575
0.713579
0.713593
0.713617
0.71365
0.713692
0.713743
0.713803
0.713871
0.713945
0.71402
0.714083
0.714104
0.713973
0.713482
0.712458
0.711177
0.710302
0.713747
0.713693
0.713646
0.713607
0.713575
0.713552
0.713538
0.713533
0.713538
0.713553
0.713577
0.713612
0.713656
0.713711
0.713774
0.713846
0.713924
0.714003
0.714067
0.714082
0.713926
0.713399
0.712342
0.711062
0.710193
0.713716
0.713659
0.71361
0.713568
0.713534
0.71351
0.713495
0.713489
0.713494
0.713509
0.713534
0.713571
0.713617
0.713675
0.713742
0.713818
0.713899
0.713982
0.714046
0.714054
0.713873
0.713311
0.712223
0.710946
0.710085
0.713683
0.713623
0.713571
0.713526
0.713491
0.713464
0.713448
0.713442
0.713446
0.713461
0.713488
0.713526
0.713575
0.713635
0.713705
0.713785
0.713871
0.713956
0.71402
0.714021
0.713812
0.713215
0.7121
0.710828
0.709976
0.713648
0.713585
0.713529
0.713482
0.713444
0.713416
0.713398
0.713391
0.713395
0.71341
0.713438
0.713477
0.713528
0.713591
0.713665
0.713748
0.713838
0.713926
0.713989
0.71398
0.713743
0.713112
0.711972
0.710706
0.709865
0.713611
0.713544
0.713485
0.713435
0.713394
0.713364
0.713345
0.713336
0.71334
0.713355
0.713383
0.713424
0.713477
0.713543
0.71362
0.713707
0.7138
0.71389
0.713951
0.713931
0.713665
0.713
0.711839
0.71058
0.70975
0.713571
0.7135
0.713438
0.713385
0.713342
0.713309
0.713288
0.713278
0.713281
0.713296
0.713325
0.713366
0.713421
0.713489
0.71357
0.71366
0.713756
0.713848
0.713907
0.713874
0.713579
0.71288
0.7117
0.710447
0.709629
0.713529
0.713454
0.713388
0.713332
0.713285
0.71325
0.713227
0.713216
0.713217
0.713233
0.713261
0.713304
0.713361
0.713431
0.713514
0.713608
0.713707
0.713799
0.713854
0.713806
0.713481
0.712749
0.711552
0.710307
0.709502
0.713485
0.713406
0.713335
0.713275
0.713226
0.713188
0.713162
0.713149
0.71315
0.713164
0.713193
0.713237
0.713295
0.713368
0.713453
0.713549
0.71365
0.713742
0.713792
0.713728
0.713373
0.712608
0.711396
0.710158
0.709366
0.713438
0.713354
0.713279
0.713215
0.713162
0.713121
0.713093
0.713078
0.713077
0.713091
0.71312
0.713164
0.713224
0.713298
0.713386
0.713484
0.713586
0.713677
0.713721
0.713638
0.713252
0.712455
0.71123
0.709999
0.70922
0.713388
0.713299
0.71322
0.713152
0.713095
0.713051
0.71302
0.713003
0.713
0.713013
0.713042
0.713086
0.713146
0.713222
0.713312
0.713412
0.713514
0.713603
0.713639
0.713535
0.71312
0.712291
0.711055
0.70983
0.709064
0.713335
0.713241
0.713157
0.713084
0.713023
0.712976
0.712941
0.712922
0.712918
0.712929
0.712957
0.713002
0.713062
0.713139
0.71323
0.713332
0.713434
0.71352
0.713547
0.713419
0.712978
0.712117
0.71087
0.709652
0.708898
0.71328
0.71318
0.713091
0.713013
0.712948
0.712896
0.712859
0.712836
0.71283
0.71284
0.712867
0.712911
0.712972
0.71305
0.713142
0.713244
0.713345
0.713427
0.713443
0.713291
0.712823
0.711931
0.710675
0.709464
0.708723
0.713221
0.713115
0.71302
0.712937
0.712867
0.712812
0.71277
0.712745
0.712736
0.712744
0.71277
0.712813
0.712874
0.712952
0.713045
0.713147
0.713247
0.713324
0.713327
0.71315
0.712657
0.711736
0.710472
0.709268
0.708539
0.713158
0.713047
0.712946
0.712858
0.712783
0.712722
0.712677
0.712648
0.712636
0.712642
0.712666
0.712709
0.712769
0.712847
0.712939
0.713041
0.713139
0.71321
0.713199
0.712997
0.712478
0.71153
0.71026
0.709063
0.708345
0.713093
0.712974
0.712867
0.712773
0.712693
0.712628
0.712578
0.712545
0.71253
0.712533
0.712555
0.712596
0.712656
0.712733
0.712825
0.712925
0.71302
0.713085
0.713058
0.712832
0.712286
0.711314
0.710039
0.708849
0.70814
0.713023
0.712898
0.712784
0.712684
0.712598
0.712527
0.712473
0.712436
0.712418
0.712418
0.712437
0.712476
0.712535
0.712611
0.712701
0.7128
0.71289
0.712947
0.712905
0.712654
0.712083
0.711089
0.70981
0.708626
0.707926
0.71295
0.712817
0.712697
0.71259
0.712498
0.712422
0.712362
0.712321
0.712298
0.712295
0.712311
0.712348
0.712404
0.712479
0.712567
0.712663
0.712749
0.712797
0.712738
0.712464
0.711868
0.710854
0.709571
0.708393
0.707702
0.712873
0.712732
0.712604
0.712491
0.712392
0.71231
0.712245
0.712198
0.712171
0.712164
0.712177
0.712211
0.712264
0.712337
0.712423
0.712515
0.712596
0.712634
0.712557
0.712261
0.711642
0.710609
0.709324
0.708152
0.707467
0.712791
0.712642
0.712507
0.712386
0.71228
0.712192
0.712121
0.712069
0.712037
0.712025
0.712034
0.712064
0.712115
0.712184
0.712267
0.712355
0.712429
0.712457
0.712361
0.712044
0.711405
0.710354
0.709066
0.7079
0.707221
0.712705
0.712548
0.712404
0.712275
0.712163
0.712067
0.71199
0.711932
0.711894
0.711877
0.711882
0.711908
0.711955
0.712021
0.7121
0.712182
0.71225
0.712266
0.712151
0.711814
0.711156
0.71009
0.708799
0.707637
0.706962
0.712615
0.712448
0.712296
0.712159
0.712039
0.711936
0.711852
0.711787
0.711744
0.711721
0.711721
0.711742
0.711784
0.711845
0.71192
0.711996
0.712056
0.712058
0.711925
0.711571
0.710897
0.709815
0.708522
0.707363
0.706689
0.712519
0.712344
0.712182
0.712037
0.711908
0.711797
0.711706
0.711635
0.711584
0.711556
0.711549
0.711565
0.711602
0.711658
0.711726
0.711796
0.711847
0.711835
0.711684
0.711315
0.710625
0.709529
0.708232
0.707074
0.706401
0.712419
0.712233
0.712063
0.711908
0.711771
0.711652
0.711552
0.711474
0.711416
0.711381
0.711368
0.711377
0.711408
0.711458
0.711519
0.711582
0.711622
0.711594
0.711427
0.711044
0.710339
0.70923
0.707928
0.706769
0.706093
0.712313
0.712117
0.711937
0.711772
0.711626
0.711498
0.711391
0.711304
0.711239
0.711196
0.711176
0.711178
0.711202
0.711244
0.711298
0.711351
0.71138
0.711338
0.711152
0.710756
0.710038
0.708917
0.707607
0.706444
0.705764
0.712202
0.711995
0.711804
0.71163
0.711474
0.711337
0.711221
0.711125
0.711051
0.711
0.710972
0.710967
0.710982
0.711016
0.711061
0.711104
0.71112
0.711063
0.710858
0.710452
0.709719
0.708585
0.707267
0.706098
0.705411
0.712084
0.711866
0.711665
0.71148
0.711314
0.711168
0.711042
0.710937
0.710854
0.710794
0.710757
0.710743
0.710749
0.710773
0.710808
0.71084
0.71084
0.710769
0.710545
0.71013
0.709382
0.708233
0.706903
0.705726
0.705033
0.711961
0.711731
0.711518
0.711323
0.711147
0.71099
0.710854
0.710739
0.710647
0.710577
0.71053
0.710506
0.710502
0.710515
0.710538
0.710557
0.710541
0.710452
0.710214
0.709789
0.709023
0.707857
0.706515
0.705326
0.704627
0.711831
0.711589
0.711365
0.711158
0.710971
0.710804
0.710657
0.710532
0.710429
0.710349
0.710291
0.710255
0.71024
0.710241
0.710251
0.710254
0.710222
0.710112
0.709861
0.709425
0.70864
0.707454
0.706096
0.704896
0.704189
0.711694
0.71144
0.711203
0.710985
0.710787
0.710608
0.71045
0.710314
0.7102
0.710108
0.710039
0.709991
0.709963
0.70995
0.709945
0.709931
0.709882
0.709748
0.709485
0.709034
0.708228
0.707021
0.705646
0.704433
0.703718
0.71155
0.711283
0.711034
0.710804
0.710593
0.710403
0.710234
0.710086
0.70996
0.709856
0.709774
0.709713
0.70967
0.709642
0.709621
0.709586
0.709519
0.70936
0.709082
0.708615
0.707785
0.706553
0.705161
0.703936
0.703214
0.711398
0.711118
0.710856
0.710613
0.710391
0.710188
0.710007
0.709847
0.709709
0.709592
0.709496
0.70942
0.709362
0.709317
0.709277
0.70922
0.70913
0.708947
0.708654
0.708165
0.707307
0.70605
0.704641
0.703405
0.702678
0.711238
0.710944
0.710669
0.710414
0.710179
0.709964
0.70977
0.709597
0.709446
0.709315
0.709204
0.709112
0.709037
0.708973
0.708912
0.708832
0.708715
0.708509
0.708196
0.707681
0.70679
0.705509
0.704085
0.702842
0.702113
0.71107
0.710762
0.710473
0.710205
0.709957
0.709729
0.709522
0.709336
0.709171
0.709025
0.708899
0.70879
0.708696
0.708611
0.708525
0.708422
0.708273
0.708045
0.707707
0.70716
0.706234
0.70493
0.703495
0.70225
0.701525
0.710892
0.71057
0.710268
0.709986
0.709725
0.709484
0.709264
0.709064
0.708884
0.708723
0.70858
0.708452
0.708338
0.708231
0.708118
0.707989
0.707805
0.707551
0.707184
0.706602
0.705638
0.704314
0.702875
0.701636
0.700919
0.710705
0.710369
0.710052
0.709757
0.709482
0.709228
0.708994
0.70878
0.708585
0.708408
0.708247
0.7081
0.707964
0.707832
0.70769
0.70753
0.707311
0.707029
0.706628
0.706006
0.705005
0.703667
0.702231
0.701008
0.700303
0.710508
0.710157
0.709826
0.709517
0.709229
0.708961
0.708713
0.708485
0.708274
0.70808
0.7079
0.707733
0.707573
0.707414
0.707243
0.707047
0.706794
0.706478
0.706039
0.705372
0.704338
0.702993
0.701571
0.700375
0.699689
0.7103
0.709934
0.709589
0.709266
0.708964
0.708682
0.708421
0.708177
0.707951
0.707739
0.70754
0.707351
0.707167
0.706978
0.706777
0.706539
0.706253
0.705898
0.705417
0.704704
0.703644
0.702303
0.700907
0.699748
0.699087
0.710081
0.709699
0.70934
0.709003
0.708687
0.708392
0.708117
0.707858
0.707616
0.707386
0.707167
0.706955
0.706745
0.706525
0.70629
0.706011
0.705687
0.705291
0.704765
0.704008
0.70293
0.701606
0.700251
0.69914
0.698509
0.709849
0.709452
0.709078
0.708728
0.708399
0.708091
0.707801
0.707528
0.707269
0.707021
0.706782
0.706546
0.706308
0.706056
0.705783
0.705464
0.705101
0.704661
0.70409
0.703293
0.702209
0.700916
0.699617
0.698564
0.69797
0.709604
0.709192
0.708804
0.70844
0.708098
0.707776
0.707473
0.707185
0.70691
0.706645
0.706384
0.706125
0.705856
0.705573
0.705259
0.704901
0.704495
0.704012
0.703399
0.70257
0.701494
0.700248
0.699017
0.698033
0.69748
0.709345
0.708917
0.708516
0.708139
0.707784
0.70745
0.707133
0.706831
0.70654
0.706256
0.705975
0.705691
0.705393
0.705077
0.70472
0.704323
0.703877
0.703352
0.702702
0.701854
0.700801
0.699615
0.698467
0.697557
0.697049
0.70907
0.708628
0.708213
0.707824
0.707457
0.70711
0.706781
0.706465
0.706159
0.705858
0.705556
0.705246
0.70492
0.704568
0.704172
0.703737
0.703251
0.70269
0.702012
0.701161
0.700145
0.699033
0.697976
0.697146
0.696687
0.708779
0.708323
0.707896
0.707494
0.707116
0.706758
0.706417
0.706088
0.705767
0.705449
0.705127
0.704792
0.704438
0.704049
0.703618
0.703148
0.702626
0.70204
0.701346
0.700507
0.699543
0.698515
0.697556
0.696809
0.696399
0.708471
0.708001
0.707561
0.707149
0.70676
0.706392
0.70604
0.705699
0.705365
0.705031
0.704689
0.704331
0.703949
0.703525
0.703064
0.702562
0.702015
0.701413
0.700718
0.699907
0.699006
0.698069
0.697212
0.696549
0.696189
0.708144
0.707661
0.70721
0.706787
0.706389
0.706012
0.705651
0.7053
0.704953
0.704604
0.704243
0.703864
0.703454
0.703002
0.702516
0.701989
0.701431
0.700826
0.700144
0.699375
0.698546
0.697704
0.696947
0.696368
0.696056
0.707796
0.707301
0.70684
0.706409
0.706003
0.705618
0.705249
0.704889
0.704531
0.704169
0.703792
0.703393
0.702958
0.702485
0.70198
0.701442
0.700886
0.700293
0.699637
0.69892
0.698168
0.697421
0.696761
0.696263
0.695998
0.707425
0.70692
0.70645
0.706012
0.7056
0.705209
0.704834
0.704467
0.704102
0.703727
0.703337
0.70292
0.702467
0.701982
0.701465
0.700934
0.700394
0.699825
0.699206
0.698547
0.697874
0.69722
0.696653
0.696231
0.696008
0.707031
0.706516
0.706039
0.705596
0.70518
0.704786
0.704406
0.704035
0.703663
0.703279
0.702879
0.702448
0.701987
0.701497
0.700985
0.700476
0.699965
0.69943
0.698855
0.698258
0.697662
0.697097
0.696614
0.696264
0.69608
0.70661
0.706087
0.705605
0.705159
0.704741
0.704346
0.703966
0.703592
0.703215
0.702827
0.70242
0.701984
0.701524
0.701039
0.700553
0.700079
0.699606
0.699112
0.698586
0.69805
0.697528
0.697045
0.696639
0.696353
0.696204
0.70616
0.705632
0.705147
0.7047
0.704284
0.70389
0.703511
0.703139
0.702761
0.702373
0.701963
0.701533
0.70108
0.700622
0.700177
0.699748
0.699321
0.698869
0.698392
0.697916
0.697464
0.697056
0.696719
0.69649
0.696371
0.705679
0.705148
0.704663
0.704218
0.703806
0.703417
0.703044
0.702674
0.702301
0.701917
0.701516
0.701097
0.70067
0.700256
0.699862
0.699486
0.699106
0.698696
0.698267
0.697847
0.697459
0.69712
0.696846
0.696665
0.696573
0.705163
0.704632
0.70415
0.703712
0.703307
0.702927
0.702561
0.7022
0.701837
0.701464
0.701079
0.700686
0.700304
0.699944
0.699611
0.69929
0.698954
0.698585
0.698202
0.697834
0.697504
0.697226
0.697008
0.696867
0.696798
0.70461
0.704082
0.703607
0.703178
0.702785
0.702418
0.702065
0.701717
0.70137
0.701017
0.70066
0.700311
0.699987
0.699691
0.699421
0.699153
0.698857
0.698525
0.698185
0.697866
0.697587
0.697362
0.697193
0.697087
0.697038
0.704016
0.703495
0.703031
0.702616
0.70224
0.701889
0.701553
0.701227
0.700905
0.700583
0.700269
0.699979
0.699722
0.699495
0.699286
0.699063
0.698802
0.698506
0.698206
0.697931
0.697699
0.697519
0.697391
0.697314
0.697281
0.703377
0.702867
0.702419
0.702024
0.701669
0.70134
0.70103
0.700735
0.700447
0.70017
0.699915
0.699694
0.699508
0.699348
0.699193
0.699009
0.69878
0.698518
0.698256
0.698021
0.69783
0.697689
0.697594
0.697541
0.697521
0.702688
0.702195
0.701769
0.701399
0.70107
0.700773
0.7005
0.700246
0.700006
0.699788
0.699603
0.699458
0.699341
0.699242
0.699131
0.69898
0.698779
0.698549
0.698324
0.698126
0.697972
0.697863
0.697796
0.697762
0.697751
0.701945
0.701475
0.701078
0.700739
0.700447
0.700194
0.699971
0.699768
0.699591
0.699444
0.699336
0.699265
0.699212
0.699163
0.699088
0.698964
0.698791
0.698593
0.698402
0.698239
0.698116
0.698035
0.69799
0.697971
0.697967
0.701143
0.700705
0.700344
0.700045
0.699806
0.699612
0.699448
0.699314
0.699212
0.699145
0.699116
0.699109
0.69911
0.699101
0.699053
0.698953
0.698808
0.698642
0.698484
0.698352
0.698257
0.698199
0.698172
0.698165
0.698167
0.700279
0.699881
0.699563
0.699326
0.699159
0.699035
0.698946
0.698895
0.698878
0.698892
0.698933
0.698979
0.699023
0.699043
0.699019
0.698942
0.698824
0.69869
0.698563
0.69846
0.698389
0.698351
0.698339
0.698341
0.698347
0.699349
0.699001
0.698751
0.698599
0.698514
0.698476
0.698481
0.698523
0.698591
0.69868
0.698777
0.698866
0.698942
0.698985
0.69898
0.698925
0.698835
0.698733
0.698636
0.698559
0.69851
0.698489
0.698488
0.698496
0.698506
0.698353
0.698082
0.697929
0.697875
0.69789
0.697958
0.698067
0.698201
0.698349
0.6985
0.698639
0.698762
0.69886
0.69892
0.698933
0.698901
0.698839
0.698766
0.698698
0.698646
0.698617
0.698609
0.698617
0.698631
0.698643
0.697314
0.697151
0.697113
0.697176
0.697312
0.697496
0.697708
0.697929
0.698144
0.698341
0.698512
0.698659
0.698775
0.698849
0.698879
0.698869
0.698834
0.698789
0.698747
0.698718
0.698705
0.69871
0.698726
0.698744
0.698757
0.696265
0.696236
0.696337
0.696536
0.6968
0.697099
0.697404
0.697697
0.697963
0.698194
0.698391
0.698556
0.698685
0.698774
0.698819
0.698831
0.698821
0.698801
0.698783
0.698773
0.698776
0.698791
0.698813
0.698834
0.698848
0.695262
0.695387
0.695639
0.695978
0.696365
0.696763
0.697145
0.697493
0.697796
0.698054
0.698273
0.698453
0.698595
0.698696
0.698758
0.698789
0.6988
0.698802
0.698804
0.698812
0.698827
0.698851
0.698878
0.698902
0.698917
0.694363
0.694647
0.695046
0.695511
0.695999
0.696475
0.696915
0.697304
0.697638
0.697921
0.698158
0.698353
0.698507
0.698621
0.698697
0.698745
0.698775
0.698795
0.698813
0.698834
0.69886
0.698891
0.698922
0.698948
0.698964
0.69362
0.694046
0.694564
0.695126
0.695689
0.696222
0.696703
0.697125
0.697487
0.697794
0.69805
0.698261
0.698428
0.698553
0.698643
0.698704
0.698747
0.698781
0.698812
0.698843
0.698878
0.698914
0.698949
0.698977
0.698994
0.693043
0.693568
0.694169
0.694796
0.69541
0.695983
0.696501
0.696955
0.697346
0.697677
0.697955
0.698182
0.698363
0.6985
0.698599
0.69867
0.698722
0.698765
0.698804
0.698843
0.698885
0.698927
0.698966
0.698997
0.699016
0.692584
0.693166
0.693816
0.694487
0.695142
0.695754
0.696308
0.696797
0.697219
0.697578
0.697879
0.698125
0.698319
0.698465
0.69857
0.698646
0.698702
0.698749
0.698794
0.698841
0.69889
0.69894
0.698986
0.699022
0.699043
0.692249
0.692857
0.693536
0.694237
0.694924
0.69557
0.696156
0.696675
0.697124
0.697508
0.697829
0.69809
0.698295
0.698447
0.698555
0.698631
0.698688
0.698736
0.698785
0.698838
0.698895
0.698953
0.699007
0.699049
0.699074
0.713484
0.713679
0.71393
0.713907
0.713958
0.713969
0.713987
0.713997
0.714006
0.714013
0.71402
0.714027
0.714035
0.714045
0.714058
0.714073
0.714088
0.714103
0.714115
0.714125
0.714142
0.714176
0.71418
0.714031
0.71379
0.713421
0.71362
0.713917
0.713913
0.713961
0.713972
0.713989
0.713999
0.714008
0.714015
0.714021
0.714028
0.714035
0.714045
0.714056
0.714068
0.714081
0.714095
0.714107
0.714117
0.714134
0.714159
0.714156
0.714075
0.71401
0.713375
0.713597
0.713914
0.713917
0.713964
0.713975
0.713992
0.714001
0.71401
0.714016
0.714022
0.714028
0.714035
0.714043
0.714053
0.714064
0.714076
0.714089
0.7141
0.714111
0.714128
0.714146
0.714131
0.714073
0.714085
0.713307
0.713551
0.713905
0.713921
0.713968
0.71398
0.713995
0.714004
0.714012
0.714017
0.714022
0.714028
0.714034
0.714041
0.71405
0.71406
0.714071
0.714082
0.714092
0.714103
0.71412
0.714133
0.714121
0.714085
0.714062
0.713218
0.713492
0.713897
0.713925
0.713974
0.713986
0.714
0.714008
0.714014
0.714019
0.714023
0.714027
0.714032
0.714038
0.714046
0.714055
0.714065
0.714075
0.714085
0.714096
0.71411
0.714121
0.714116
0.714108
0.714132
0.713114
0.713425
0.71389
0.713934
0.713981
0.713993
0.714005
0.714012
0.714017
0.71402
0.714023
0.714026
0.71403
0.714035
0.714042
0.714049
0.714058
0.714068
0.714077
0.714088
0.714101
0.714108
0.714104
0.714099
0.714107
0.713003
0.713359
0.713884
0.713947
0.713991
0.714002
0.714012
0.714017
0.71402
0.714022
0.714024
0.714025
0.714028
0.714032
0.714037
0.714044
0.714052
0.71406
0.714069
0.71408
0.714092
0.714101
0.714105
0.714109
0.714122
0.712889
0.713298
0.713878
0.713963
0.714003
0.714012
0.714019
0.714022
0.714023
0.714024
0.714024
0.714024
0.714026
0.714028
0.714032
0.714038
0.714044
0.714052
0.714061
0.714071
0.714082
0.71409
0.714096
0.714105
0.71412
0.712779
0.713241
0.713869
0.713979
0.714016
0.714023
0.714027
0.714027
0.714027
0.714025
0.714024
0.714023
0.714023
0.714024
0.714026
0.714031
0.714037
0.714044
0.714052
0.714062
0.714073
0.714083
0.714091
0.714102
0.714119
0.712671
0.713182
0.713857
0.713995
0.714029
0.714035
0.714035
0.714033
0.71403
0.714027
0.714023
0.714021
0.714019
0.714019
0.71402
0.714024
0.714028
0.714035
0.714043
0.714052
0.714063
0.714074
0.714084
0.714098
0.714116
0.712564
0.713117
0.713839
0.714009
0.714042
0.714046
0.714043
0.714039
0.714034
0.714028
0.714023
0.714018
0.714015
0.714014
0.714014
0.714016
0.71402
0.714025
0.714033
0.714042
0.714053
0.714065
0.714077
0.714092
0.714111
0.712455
0.713044
0.713814
0.71402
0.714054
0.714057
0.714052
0.714045
0.714037
0.714029
0.714022
0.714016
0.714011
0.714008
0.714006
0.714007
0.71401
0.714015
0.714022
0.714032
0.714043
0.714055
0.714069
0.714086
0.714106
0.71234
0.71296
0.713781
0.714027
0.714066
0.714068
0.71406
0.714051
0.71404
0.71403
0.714021
0.714012
0.714006
0.714001
0.713998
0.713998
0.714
0.714004
0.714011
0.71402
0.714032
0.714045
0.71406
0.714078
0.714099
0.712217
0.712868
0.713741
0.714029
0.714077
0.714079
0.714069
0.714056
0.714044
0.714031
0.714019
0.714009
0.714
0.713993
0.713989
0.713988
0.713989
0.713993
0.713999
0.714008
0.71402
0.714034
0.71405
0.714069
0.714091
0.712089
0.71277
0.713694
0.714029
0.714088
0.71409
0.714078
0.714062
0.714047
0.714031
0.714017
0.714004
0.713993
0.713985
0.71398
0.713977
0.713977
0.71398
0.713986
0.713995
0.714007
0.714022
0.714039
0.714059
0.714083
0.711959
0.71267
0.713643
0.714027
0.7141
0.714101
0.714087
0.714068
0.714049
0.714031
0.714014
0.713999
0.713986
0.713976
0.713969
0.713965
0.713964
0.713967
0.713972
0.713981
0.713993
0.714009
0.714027
0.714048
0.714073
0.71183
0.712571
0.71359
0.714023
0.714112
0.714113
0.714097
0.714074
0.714052
0.71403
0.71401
0.713993
0.713978
0.713966
0.713957
0.713952
0.71395
0.713952
0.713957
0.713966
0.713979
0.713995
0.714014
0.714036
0.714062
0.711703
0.712474
0.713534
0.714017
0.714124
0.714126
0.714106
0.71408
0.714054
0.714029
0.714006
0.713986
0.713968
0.713954
0.713944
0.713938
0.713935
0.713936
0.713941
0.71395
0.713963
0.71398
0.714
0.714023
0.71405
0.711578
0.712376
0.713475
0.714007
0.714136
0.714137
0.714115
0.714085
0.714055
0.714026
0.714
0.713977
0.713958
0.713942
0.71393
0.713922
0.713918
0.713919
0.713924
0.713933
0.713946
0.713963
0.713984
0.714009
0.714038
0.711455
0.712277
0.713412
0.713993
0.714145
0.714148
0.714123
0.714089
0.714055
0.714023
0.713994
0.713968
0.713946
0.713928
0.713914
0.713905
0.7139
0.7139
0.713905
0.713914
0.713928
0.713946
0.713968
0.713994
0.714024
0.711332
0.712176
0.713343
0.713974
0.714151
0.714158
0.71413
0.714092
0.714054
0.714018
0.713986
0.713957
0.713933
0.713912
0.713897
0.713887
0.713881
0.71388
0.713885
0.713894
0.713908
0.713927
0.71395
0.713978
0.714009
0.711211
0.712073
0.713268
0.713947
0.714153
0.714165
0.714136
0.714094
0.714052
0.714012
0.713976
0.713945
0.713918
0.713895
0.713878
0.713867
0.71386
0.713859
0.713863
0.713873
0.713887
0.713907
0.713931
0.71396
0.713993
0.711093
0.711969
0.713187
0.713914
0.714151
0.714171
0.714139
0.714094
0.714048
0.714005
0.713966
0.713931
0.713901
0.713877
0.713858
0.713845
0.713837
0.713836
0.71384
0.713849
0.713865
0.713885
0.713911
0.713941
0.713975
0.710977
0.711864
0.7131
0.713873
0.714144
0.714173
0.714141
0.714093
0.714043
0.713996
0.713953
0.713915
0.713883
0.713856
0.713835
0.713821
0.713813
0.71381
0.713814
0.713824
0.71384
0.713862
0.713888
0.71392
0.713957
0.710864
0.711756
0.713007
0.713825
0.714132
0.714173
0.714141
0.71409
0.714036
0.713985
0.713939
0.713898
0.713862
0.713834
0.713811
0.713795
0.713786
0.713783
0.713787
0.713798
0.713814
0.713837
0.713865
0.713898
0.713937
0.710751
0.711644
0.712909
0.71377
0.714115
0.71417
0.714139
0.714085
0.714027
0.713972
0.713922
0.713878
0.71384
0.713809
0.713784
0.713767
0.713757
0.713754
0.713758
0.713769
0.713786
0.71381
0.71384
0.713875
0.713915
0.710639
0.71153
0.712804
0.713709
0.714092
0.714163
0.714134
0.714078
0.714016
0.713958
0.713904
0.713856
0.713815
0.713782
0.713755
0.713737
0.713726
0.713722
0.713727
0.713738
0.713756
0.713781
0.713813
0.71385
0.713892
0.710526
0.711412
0.712693
0.713642
0.714062
0.714153
0.714126
0.714069
0.714003
0.713941
0.713883
0.713831
0.713788
0.713752
0.713724
0.713704
0.713692
0.713689
0.713693
0.713705
0.713724
0.713751
0.713784
0.713823
0.713868
0.710413
0.711291
0.712578
0.71357
0.714027
0.714139
0.714116
0.714057
0.713988
0.713921
0.713859
0.713804
0.713758
0.713719
0.71369
0.713668
0.713656
0.713652
0.713657
0.713669
0.71369
0.713718
0.713753
0.713794
0.713842
0.7103
0.71117
0.71246
0.71349
0.713984
0.714121
0.714102
0.714043
0.71397
0.713898
0.713833
0.713774
0.713725
0.713684
0.713652
0.71363
0.713617
0.713613
0.713618
0.713631
0.713653
0.713683
0.71372
0.713764
0.713814
0.710188
0.711048
0.712338
0.713405
0.713936
0.714098
0.714085
0.714025
0.713948
0.713873
0.713803
0.713741
0.713689
0.713645
0.713612
0.713589
0.713575
0.713571
0.713576
0.713591
0.713614
0.713646
0.713685
0.713731
0.713784
0.710078
0.710927
0.712215
0.713313
0.71388
0.714069
0.714064
0.714003
0.713923
0.713844
0.71377
0.713705
0.713649
0.713604
0.713569
0.713544
0.71353
0.713526
0.713532
0.713548
0.713572
0.713606
0.713648
0.713697
0.713753
0.709967
0.710805
0.712089
0.713216
0.713819
0.714035
0.714038
0.713978
0.713895
0.713811
0.713733
0.713664
0.713606
0.713558
0.713521
0.713496
0.713481
0.713478
0.713485
0.713501
0.713528
0.713564
0.713608
0.71366
0.713719
0.709855
0.710682
0.71196
0.713112
0.71375
0.713995
0.714007
0.713947
0.713862
0.713774
0.713692
0.71362
0.713558
0.713509
0.71347
0.713444
0.713429
0.713426
0.713434
0.713452
0.713481
0.713519
0.713566
0.713621
0.713684
0.70974
0.710555
0.711826
0.713001
0.713673
0.713947
0.71397
0.713912
0.713824
0.713732
0.713647
0.713571
0.713507
0.713455
0.713415
0.713388
0.713374
0.713371
0.71338
0.7134
0.71343
0.713471
0.713521
0.713579
0.713646
0.70962
0.710423
0.711688
0.712882
0.713587
0.71389
0.713926
0.71387
0.71378
0.713686
0.713596
0.713517
0.713451
0.713397
0.713356
0.713328
0.713314
0.713312
0.713322
0.713344
0.713377
0.71342
0.713473
0.713535
0.713606
0.709493
0.710285
0.711543
0.712753
0.713491
0.713824
0.713874
0.713821
0.71373
0.713633
0.713541
0.713459
0.71339
0.713334
0.713292
0.713264
0.71325
0.713249
0.71326
0.713284
0.71332
0.713366
0.713423
0.713489
0.713563
0.709359
0.71014
0.711391
0.712616
0.713386
0.713747
0.713813
0.713765
0.713674
0.713574
0.713479
0.713395
0.713323
0.713266
0.713223
0.713195
0.713181
0.713181
0.713195
0.713221
0.713259
0.713309
0.713369
0.713439
0.713518
0.709216
0.709987
0.711231
0.712467
0.713268
0.713659
0.713743
0.7137
0.71361
0.713509
0.713411
0.713324
0.713251
0.713193
0.713149
0.713121
0.713108
0.71311
0.713125
0.713154
0.713195
0.713248
0.713313
0.713387
0.713471
0.709063
0.709824
0.711062
0.712309
0.71314
0.713558
0.713663
0.713627
0.713539
0.713436
0.713337
0.713248
0.713173
0.713114
0.71307
0.713042
0.71303
0.713033
0.713051
0.713082
0.713127
0.713184
0.713252
0.713332
0.71342
0.7089
0.709653
0.710884
0.71214
0.713001
0.713444
0.713571
0.713545
0.713459
0.713356
0.713255
0.713165
0.713089
0.713028
0.712985
0.712958
0.712947
0.712952
0.712972
0.713007
0.713055
0.713116
0.713189
0.713273
0.713367
0.708728
0.709472
0.710696
0.711959
0.71285
0.713318
0.713468
0.713452
0.71337
0.713268
0.713166
0.713074
0.712997
0.712937
0.712893
0.712867
0.712858
0.712865
0.712888
0.712926
0.712978
0.713044
0.713122
0.713211
0.713311
0.708545
0.709281
0.710499
0.711768
0.712687
0.713179
0.713353
0.713349
0.713271
0.71317
0.713068
0.712976
0.712899
0.712838
0.712796
0.712771
0.712764
0.712773
0.712799
0.712841
0.712897
0.712968
0.713051
0.713145
0.713251
0.708352
0.70908
0.710291
0.711566
0.71251
0.713027
0.713226
0.713234
0.713162
0.713064
0.712962
0.71287
0.712793
0.712733
0.712691
0.712668
0.712663
0.712676
0.712705
0.712751
0.712812
0.712887
0.712976
0.713076
0.713188
0.70815
0.708869
0.710073
0.711352
0.71232
0.712862
0.713085
0.713108
0.713043
0.712947
0.712847
0.712755
0.712679
0.71262
0.71258
0.712559
0.712556
0.712572
0.712606
0.712656
0.712721
0.712802
0.712896
0.713003
0.713122
0.707936
0.708648
0.709845
0.711127
0.712117
0.712684
0.71293
0.71297
0.712912
0.71282
0.712722
0.712632
0.712556
0.712499
0.712461
0.712442
0.712443
0.712462
0.7125
0.712555
0.712626
0.712712
0.712813
0.712926
0.713052
0.707713
0.708417
0.709607
0.710891
0.711901
0.712492
0.712761
0.712819
0.712769
0.712682
0.712587
0.712499
0.712425
0.712369
0.712334
0.712318
0.712322
0.712346
0.712388
0.712448
0.712525
0.712617
0.712725
0.712845
0.712978
0.707478
0.708176
0.709358
0.710645
0.711673
0.712286
0.712578
0.712654
0.712614
0.712533
0.712441
0.712355
0.712284
0.712231
0.712198
0.712186
0.712195
0.712223
0.71227
0.712336
0.712419
0.712518
0.712632
0.71276
0.7129
0.707231
0.707923
0.709099
0.710387
0.711433
0.712067
0.71238
0.712474
0.712445
0.712371
0.712284
0.712201
0.712133
0.712084
0.712054
0.712046
0.712059
0.712093
0.712145
0.712217
0.712306
0.712412
0.712534
0.712669
0.712818
0.706972
0.707659
0.708829
0.710119
0.711181
0.711834
0.712167
0.71228
0.712263
0.712196
0.712114
0.712036
0.711972
0.711926
0.711901
0.711898
0.711916
0.711955
0.712014
0.712092
0.712188
0.712301
0.712431
0.712574
0.712732
0.706698
0.707382
0.708547
0.70984
0.710916
0.711586
0.711937
0.712069
0.712066
0.712008
0.711932
0.711859
0.7118
0.711759
0.711739
0.711741
0.711765
0.71181
0.711875
0.71196
0.712064
0.712185
0.712322
0.712474
0.712641
0.706408
0.70709
0.708253
0.709548
0.710639
0.711325
0.711692
0.711841
0.711854
0.711805
0.711737
0.71167
0.711616
0.711581
0.711567
0.711575
0.711605
0.711656
0.711729
0.711821
0.711932
0.712062
0.712208
0.712369
0.712545
0.706099
0.706782
0.707943
0.709243
0.710347
0.711047
0.711429
0.711597
0.711626
0.711588
0.711528
0.711468
0.711421
0.711392
0.711384
0.711399
0.711436
0.711494
0.711574
0.711675
0.711794
0.711932
0.712087
0.712258
0.712444
0.705768
0.706453
0.707615
0.708922
0.710037
0.710753
0.711148
0.711336
0.71138
0.711354
0.711304
0.711252
0.711213
0.711191
0.711191
0.711213
0.711257
0.711324
0.711412
0.711521
0.711649
0.711797
0.711961
0.712142
0.712338
0.705413
0.706101
0.707268
0.708582
0.70971
0.710441
0.710849
0.711057
0.711116
0.711105
0.711064
0.711023
0.710992
0.710979
0.710986
0.711017
0.71107
0.711145
0.711242
0.711359
0.711497
0.711654
0.711828
0.712019
0.712226
0.705032
0.705724
0.706896
0.70822
0.709364
0.710112
0.71053
0.710757
0.710833
0.710837
0.710809
0.710778
0.710757
0.710753
0.710771
0.71081
0.710872
0.710956
0.711062
0.71119
0.711337
0.711504
0.711689
0.711891
0.712109
0.704623
0.705319
0.706499
0.707835
0.708996
0.709762
0.710192
0.710436
0.71053
0.710551
0.710537
0.710518
0.710509
0.710515
0.710543
0.710592
0.710664
0.710758
0.710874
0.711011
0.711169
0.711346
0.711542
0.711755
0.711985
0.704184
0.704883
0.706072
0.707421
0.708603
0.70939
0.709833
0.710091
0.710207
0.710246
0.710247
0.710242
0.710245
0.710264
0.710303
0.710363
0.710445
0.71055
0.710677
0.710825
0.710993
0.711181
0.711388
0.711613
0.711855
0.703711
0.704414
0.705614
0.706978
0.708182
0.708991
0.70945
0.709722
0.709863
0.709919
0.70994
0.70995
0.709967
0.709999
0.71005
0.710122
0.710216
0.710332
0.71047
0.710629
0.710808
0.711008
0.711227
0.711463
0.711718
0.703206
0.703912
0.705122
0.706503
0.70773
0.708564
0.709041
0.709328
0.709496
0.709572
0.709613
0.70964
0.709673
0.70972
0.709784
0.709869
0.709976
0.710104
0.710253
0.710424
0.710615
0.710826
0.711057
0.711306
0.711573
0.702669
0.703377
0.704595
0.705992
0.707244
0.708107
0.708607
0.708911
0.709105
0.709203
0.709268
0.709314
0.709364
0.709426
0.709506
0.709605
0.709724
0.709865
0.710026
0.710209
0.710412
0.710636
0.710879
0.711141
0.711422
0.702104
0.702811
0.704035
0.705446
0.706722
0.707617
0.708144
0.708469
0.708687
0.708814
0.708901
0.708969
0.709038
0.709118
0.709214
0.709327
0.709461
0.709615
0.709789
0.709984
0.7102
0.710436
0.710692
0.710968
0.711262
0.701514
0.702217
0.703442
0.704863
0.706162
0.707093
0.707651
0.708002
0.708242
0.708402
0.708514
0.708607
0.708697
0.708796
0.708908
0.709038
0.709186
0.709354
0.709542
0.70975
0.709978
0.710227
0.710496
0.710785
0.711093
0.700907
0.701602
0.702821
0.704246
0.705565
0.706532
0.707126
0.707506
0.707773
0.707968
0.708106
0.708227
0.708339
0.708458
0.708589
0.708736
0.708899
0.709082
0.709283
0.709505
0.709746
0.710009
0.710291
0.710594
0.710916
0.700292
0.700974
0.702177
0.703599
0.704932
0.705936
0.706569
0.706983
0.707279
0.70751
0.707678
0.707828
0.707965
0.708106
0.708257
0.708421
0.708601
0.708798
0.709014
0.709249
0.709504
0.709779
0.710076
0.710392
0.710729
0.699678
0.700342
0.70152
0.702929
0.704267
0.705304
0.705981
0.706433
0.706762
0.707026
0.707232
0.70741
0.707575
0.707739
0.707911
0.708093
0.70829
0.708503
0.708733
0.708982
0.709251
0.70954
0.70985
0.71018
0.710532
0.699076
0.699718
0.70086
0.702243
0.703577
0.70464
0.705361
0.705855
0.706222
0.70652
0.706767
0.706975
0.70717
0.707358
0.707552
0.707754
0.707968
0.708196
0.708441
0.708704
0.708986
0.709289
0.709612
0.709958
0.710324
0.6985
0.699114
0.700209
0.701552
0.70287
0.70395
0.704714
0.705251
0.705659
0.705993
0.706282
0.706523
0.706749
0.706964
0.70718
0.707402
0.707633
0.707878
0.708138
0.708415
0.70871
0.709026
0.709364
0.709723
0.710105
0.697962
0.698542
0.699581
0.700871
0.702158
0.703243
0.704046
0.704626
0.705076
0.705449
0.705777
0.706057
0.706313
0.706557
0.706795
0.707038
0.707287
0.707548
0.707822
0.708113
0.708422
0.708752
0.709103
0.709476
0.709874
0.697474
0.698015
0.698989
0.700212
0.701453
0.70253
0.703364
0.703984
0.704476
0.70489
0.705256
0.705577
0.705864
0.706137
0.706399
0.706662
0.70693
0.707206
0.707495
0.7078
0.708122
0.708464
0.708829
0.709217
0.709629
0.697045
0.697544
0.698447
0.69959
0.700772
0.701825
0.702676
0.703331
0.703864
0.704318
0.704721
0.705083
0.705404
0.705705
0.705992
0.706275
0.706561
0.706853
0.707156
0.707474
0.707809
0.708164
0.708541
0.708943
0.70937
0.696685
0.697139
0.697965
0.699018
0.700128
0.701144
0.701998
0.702679
0.703245
0.703737
0.704177
0.704578
0.704933
0.705262
0.705575
0.705878
0.706181
0.706488
0.706805
0.707135
0.707482
0.707849
0.708239
0.708654
0.709096
0.696399
0.696807
0.697553
0.69851
0.699537
0.700502
0.701342
0.702039
0.702628
0.703154
0.703628
0.704063
0.704454
0.704811
0.705148
0.705471
0.70579
0.706112
0.706442
0.706783
0.707142
0.70752
0.707922
0.70835
0.708806
0.69619
0.696551
0.697216
0.698075
0.699012
0.699914
0.700726
0.701423
0.702026
0.702575
0.703079
0.703543
0.703968
0.704352
0.704712
0.705054
0.705389
0.705725
0.706066
0.706418
0.706787
0.707176
0.707588
0.708028
0.708498
0.696058
0.696374
0.696958
0.697718
0.698562
0.699393
0.700164
0.700846
0.701451
0.702009
0.702537
0.703024
0.703477
0.703888
0.704268
0.70463
0.704979
0.705326
0.705678
0.706039
0.706417
0.706815
0.707237
0.707688
0.708171
0.696001
0.696274
0.696778
0.697443
0.698193
0.698948
0.699667
0.700323
0.700915
0.70147
0.702007
0.702512
0.702985
0.70342
0.703819
0.704197
0.704559
0.704917
0.705277
0.705646
0.706031
0.706437
0.706868
0.707329
0.707823
0.696013
0.696245
0.696674
0.697248
0.697906
0.698584
0.699245
0.699864
0.700431
0.700969
0.701498
0.702014
0.702498
0.702951
0.703366
0.703757
0.704131
0.704496
0.704863
0.705239
0.705629
0.706041
0.706479
0.706948
0.707453
0.696085
0.69628
0.696639
0.69713
0.697701
0.698301
0.698901
0.699477
0.70001
0.700518
0.701025
0.701534
0.702022
0.702482
0.702911
0.703311
0.703694
0.704066
0.704437
0.704816
0.70521
0.705625
0.706069
0.706545
0.707059
0.69621
0.69637
0.696666
0.697081
0.697571
0.698098
0.698637
0.699164
0.699657
0.700127
0.700598
0.70108
0.701562
0.70202
0.702455
0.702861
0.703248
0.703624
0.703997
0.704377
0.704772
0.705189
0.705636
0.706117
0.706639
0.696378
0.696508
0.696749
0.697095
0.697509
0.697967
0.698447
0.698926
0.699376
0.699801
0.700226
0.700668
0.701122
0.701572
0.702
0.702408
0.702796
0.703172
0.703544
0.703922
0.704315
0.704732
0.705178
0.705662
0.70619
0.696579
0.696683
0.696876
0.69716
0.697506
0.6979
0.698324
0.698755
0.699164
0.699543
0.699915
0.700304
0.700715
0.701139
0.701555
0.701954
0.702337
0.702709
0.703078
0.70345
0.703839
0.704251
0.704695
0.705179
0.705709
0.696805
0.696886
0.697038
0.697266
0.697552
0.697888
0.69826
0.698645
0.699015
0.699349
0.699666
0.699996
0.700351
0.70073
0.70112
0.701502
0.701874
0.702236
0.702596
0.702961
0.70334
0.703745
0.704183
0.704664
0.705195
0.697044
0.697105
0.697223
0.697402
0.697635
0.697919
0.698243
0.698585
0.698918
0.699212
0.699478
0.699744
0.700036
0.700357
0.700703
0.701058
0.701408
0.701754
0.702101
0.702453
0.70282
0.703212
0.703641
0.704114
0.704642
0.697287
0.697332
0.69742
0.697558
0.697746
0.697984
0.698263
0.698566
0.698862
0.699122
0.699343
0.699549
0.699772
0.700026
0.700313
0.700625
0.700945
0.701266
0.70159
0.701925
0.702275
0.702651
0.703065
0.703528
0.704049
0.697526
0.697558
0.697622
0.697726
0.697875
0.698072
0.698311
0.698575
0.698838
0.699068
0.69925
0.699402
0.699559
0.699742
0.69996
0.700213
0.700488
0.700774
0.701068
0.701377
0.701705
0.70206
0.702454
0.702901
0.70341
0.697756
0.697778
0.697822
0.697898
0.698014
0.698175
0.698376
0.698605
0.698836
0.699037
0.699187
0.699295
0.699392
0.699506
0.699648
0.699831
0.700047
0.700286
0.700539
0.700811
0.701107
0.701436
0.701805
0.70223
0.702722
0.697973
0.697986
0.698015
0.698068
0.698156
0.698285
0.698452
0.698647
0.698845
0.699019
0.699142
0.699216
0.699262
0.699313
0.699382
0.699488
0.699633
0.699809
0.700011
0.700233
0.700485
0.700777
0.701115
0.701511
0.70198
0.698172
0.698179
0.698195
0.69823
0.698295
0.698395
0.698531
0.698693
0.69886
0.699006
0.699105
0.699151
0.699159
0.699156
0.699161
0.699189
0.699255
0.699355
0.699489
0.699652
0.699845
0.700083
0.700381
0.700742
0.701179
0.698351
0.698354
0.69836
0.69838
0.698425
0.698501
0.698608
0.698738
0.698873
0.698992
0.699069
0.699092
0.699071
0.699025
0.698978
0.698936
0.698921
0.698938
0.698988
0.699075
0.699199
0.699366
0.699602
0.699919
0.700316
0.69851
0.698509
0.698508
0.698516
0.698544
0.698598
0.698678
0.698778
0.698882
0.698973
0.699027
0.699032
0.698989
0.698912
0.698822
0.698724
0.698634
0.698566
0.698524
0.698518
0.698555
0.69864
0.698791
0.69904
0.699387
0.698646
0.698643
0.698636
0.698635
0.698648
0.698682
0.698738
0.698809
0.698884
0.698947
0.698979
0.698966
0.698906
0.698807
0.698683
0.698544
0.698393
0.698245
0.69811
0.698001
0.697932
0.697917
0.69797
0.698122
0.698393
0.698761
0.698755
0.698744
0.698734
0.698735
0.698752
0.698785
0.69883
0.698877
0.698913
0.698924
0.698894
0.698819
0.698704
0.698556
0.698385
0.698188
0.697973
0.697753
0.69754
0.697355
0.697219
0.697155
0.697192
0.697355
0.698852
0.698844
0.69883
0.698814
0.698804
0.698806
0.698819
0.69884
0.698862
0.698874
0.698863
0.698817
0.698729
0.6986
0.698435
0.698238
0.698007
0.697742
0.697449
0.697144
0.696845
0.69658
0.696381
0.696279
0.696307
0.69892
0.698911
0.698894
0.698873
0.698854
0.698843
0.698839
0.69884
0.69884
0.69883
0.6988
0.698739
0.698638
0.698497
0.698317
0.698098
0.69784
0.697538
0.69719
0.696808
0.69641
0.696023
0.695684
0.695431
0.695305
0.698968
0.698958
0.698937
0.698912
0.698886
0.698865
0.698847
0.698832
0.698814
0.698786
0.698739
0.698663
0.69855
0.698396
0.698202
0.697965
0.697682
0.697349
0.696961
0.696521
0.696045
0.695557
0.695092
0.694693
0.694407
0.698997
0.698986
0.698964
0.698935
0.698903
0.698873
0.698845
0.698818
0.698786
0.698745
0.698684
0.698596
0.698471
0.698304
0.698094
0.697838
0.697532
0.69717
0.696749
0.696268
0.695735
0.695172
0.694611
0.694092
0.693666
0.699019
0.699006
0.698981
0.698947
0.69891
0.698873
0.698837
0.698801
0.698761
0.69871
0.698641
0.698542
0.698406
0.698226
0.697999
0.697721
0.69739
0.697
0.696547
0.69603
0.695457
0.694842
0.694215
0.693615
0.693089
0.699046
0.699031
0.699
0.69896
0.698915
0.69887
0.698828
0.698786
0.698741
0.698687
0.698612
0.698508
0.698362
0.698169
0.697923
0.697622
0.697264
0.696842
0.696354
0.6958
0.695189
0.694534
0.693863
0.693213
0.692631
0.699077
0.699058
0.699021
0.698973
0.69892
0.698867
0.698819
0.698773
0.698727
0.698672
0.698598
0.698491
0.698339
0.698135
0.697873
0.697552
0.697169
0.69672
0.696203
0.695617
0.694971
0.694284
0.693583
0.692904
0.692296
0.714169
0.714554
0.714905
0.715201
0.715456
0.715684
0.715887
0.716073
0.716243
0.7164
0.716541
0.71666
0.716757
0.716834
0.716901
0.716955
0.717005
0.71704
0.717082
0.717096
0.717131
0.717123
0.717143
0.717102
0.717145
0.71397
0.713868
0.713843
0.713866
0.713929
0.714017
0.714121
0.714226
0.71432
0.714405
0.714489
0.714574
0.714659
0.714746
0.714828
0.714914
0.714987
0.715072
0.715132
0.715212
0.715245
0.715344
0.71532
0.715467
0.715346
0.714284
0.714335
0.714324
0.714273
0.714222
0.714174
0.714129
0.714087
0.714047
0.714012
0.713982
0.713965
0.713964
0.713973
0.713987
0.714006
0.714024
0.714046
0.714061
0.714084
0.714098
0.714123
0.714134
0.714174
0.714151
0.714032
0.714109
0.714205
0.714273
0.714313
0.714332
0.714338
0.714341
0.714346
0.71435
0.714351
0.714348
0.714345
0.714341
0.714338
0.714328
0.714324
0.714308
0.714305
0.714282
0.71429
0.714249
0.714278
0.714221
0.714276
0.714182
0.714166
0.714178
0.714217
0.714261
0.714303
0.714343
0.71438
0.714418
0.714454
0.714487
0.714514
0.714534
0.71455
0.714562
0.714569
0.714575
0.714576
0.714579
0.714577
0.714579
0.714567
0.714576
0.714549
0.714576
0.714131
0.714171
0.714193
0.714216
0.714242
0.714271
0.714302
0.714333
0.714364
0.714395
0.714427
0.714457
0.714485
0.71451
0.714532
0.714553
0.714569
0.714587
0.714599
0.714618
0.714623
0.71464
0.714644
0.714649
0.714656
0.714143
0.714168
0.714197
0.714224
0.714249
0.714273
0.714297
0.714321
0.714345
0.714368
0.714392
0.714416
0.714439
0.714462
0.714483
0.714503
0.714522
0.71454
0.714555
0.714572
0.714582
0.714597
0.714603
0.714609
0.714614
0.714141
0.714166
0.714194
0.714223
0.714252
0.71428
0.714306
0.714332
0.714357
0.714381
0.714404
0.714427
0.714448
0.714468
0.714487
0.714504
0.714521
0.714535
0.714549
0.714559
0.714569
0.714577
0.714582
0.714585
0.714589
0.71414
0.714164
0.714191
0.71422
0.71425
0.714279
0.714309
0.714338
0.714366
0.714394
0.71442
0.714445
0.714467
0.714489
0.714509
0.714527
0.714543
0.714557
0.71457
0.71458
0.714589
0.714595
0.7146
0.714602
0.714605
0.714137
0.714162
0.714189
0.714218
0.714247
0.714277
0.714308
0.714338
0.714367
0.714397
0.714425
0.714452
0.714477
0.714501
0.714523
0.714543
0.714561
0.714577
0.714591
0.714603
0.714613
0.71462
0.714626
0.714629
0.714632
0.714134
0.714159
0.714187
0.714216
0.714246
0.714276
0.714307
0.714338
0.714368
0.714398
0.714427
0.714455
0.714482
0.714507
0.71453
0.714552
0.714571
0.714589
0.714605
0.714618
0.714629
0.714638
0.714645
0.714649
0.714652
0.714129
0.714155
0.714183
0.714213
0.714244
0.714276
0.714308
0.71434
0.714371
0.714402
0.714432
0.714461
0.714488
0.714514
0.714539
0.714561
0.714582
0.7146
0.714617
0.714631
0.714643
0.714652
0.71466
0.714664
0.714668
0.714123
0.71415
0.714179
0.71421
0.714242
0.714275
0.714308
0.714342
0.714375
0.714407
0.714438
0.714468
0.714497
0.714524
0.714549
0.714573
0.714594
0.714614
0.714631
0.714645
0.714658
0.714668
0.714675
0.71468
0.714683
0.714117
0.714144
0.714175
0.714207
0.71424
0.714274
0.714309
0.714343
0.714378
0.714411
0.714444
0.714476
0.714506
0.714535
0.714561
0.714586
0.714609
0.714629
0.714647
0.714662
0.714675
0.714686
0.714693
0.714698
0.714702
0.714109
0.714138
0.714169
0.714203
0.714237
0.714273
0.714309
0.714345
0.714381
0.714416
0.71445
0.714484
0.714515
0.714545
0.714573
0.714599
0.714623
0.714645
0.714664
0.71468
0.714694
0.714705
0.714713
0.714718
0.714721
0.714101
0.714131
0.714164
0.714198
0.714234
0.714271
0.714309
0.714346
0.714384
0.714421
0.714457
0.714491
0.714525
0.714556
0.714586
0.714613
0.714638
0.714661
0.714681
0.714698
0.714713
0.714724
0.714733
0.714739
0.714742
0.714091
0.714123
0.714157
0.714193
0.714231
0.714269
0.714308
0.714348
0.714387
0.714426
0.714463
0.7145
0.714535
0.714568
0.714599
0.714628
0.714654
0.714678
0.714699
0.714717
0.714732
0.714745
0.714754
0.71476
0.714763
0.714081
0.714114
0.71415
0.714187
0.714227
0.714267
0.714308
0.714349
0.71439
0.714431
0.71447
0.714509
0.714545
0.71458
0.714613
0.714643
0.714671
0.714696
0.714718
0.714737
0.714753
0.714766
0.714776
0.714782
0.714785
0.71407
0.714104
0.714142
0.714181
0.714222
0.714264
0.714307
0.714351
0.714394
0.714436
0.714478
0.714518
0.714556
0.714593
0.714627
0.714659
0.714688
0.714714
0.714738
0.714758
0.714775
0.714788
0.714799
0.714805
0.714809
0.714057
0.714094
0.714133
0.714174
0.714217
0.714261
0.714306
0.714352
0.714397
0.714442
0.714485
0.714527
0.714568
0.714606
0.714642
0.714676
0.714706
0.714734
0.714759
0.71478
0.714798
0.714812
0.714823
0.71483
0.714833
0.714044
0.714082
0.714123
0.714166
0.714212
0.714258
0.714305
0.714353
0.7144
0.714447
0.714493
0.714537
0.71458
0.71462
0.714658
0.714693
0.714725
0.714755
0.71478
0.714803
0.714822
0.714837
0.714848
0.714855
0.714859
0.71403
0.71407
0.714113
0.714158
0.714206
0.714254
0.714304
0.714354
0.714404
0.714453
0.714501
0.714547
0.714592
0.714635
0.714675
0.714712
0.714746
0.714776
0.714803
0.714827
0.714847
0.714863
0.714875
0.714882
0.714886
0.714014
0.714056
0.714101
0.714149
0.714199
0.71425
0.714302
0.714355
0.714407
0.714459
0.714509
0.714558
0.714605
0.71465
0.714692
0.714731
0.714767
0.714799
0.714828
0.714852
0.714873
0.71489
0.714902
0.71491
0.714914
0.713997
0.714042
0.714089
0.71414
0.714192
0.714246
0.7143
0.714356
0.714411
0.714465
0.714518
0.714569
0.714619
0.714666
0.71471
0.714751
0.714789
0.714823
0.714853
0.714879
0.714901
0.714918
0.714932
0.71494
0.714944
0.71398
0.714026
0.714076
0.714129
0.714184
0.714241
0.714298
0.714356
0.714414
0.714471
0.714527
0.714581
0.714633
0.714683
0.714729
0.714772
0.714812
0.714848
0.714879
0.714907
0.71493
0.714948
0.714962
0.714971
0.714976
0.71396
0.71401
0.714062
0.714118
0.714176
0.714235
0.714296
0.714357
0.714417
0.714478
0.714536
0.714593
0.714648
0.7147
0.714749
0.714794
0.714836
0.714874
0.714907
0.714936
0.71496
0.71498
0.714994
0.715004
0.715009
0.71394
0.713992
0.714047
0.714106
0.714167
0.714229
0.714293
0.714357
0.714421
0.714484
0.714546
0.714606
0.714664
0.714718
0.71477
0.714818
0.714862
0.714901
0.714936
0.714967
0.714992
0.715013
0.715028
0.715038
0.715043
0.713918
0.713973
0.714031
0.714093
0.714157
0.714223
0.71429
0.714357
0.714425
0.714491
0.714556
0.714619
0.71468
0.714737
0.714792
0.714842
0.714888
0.71493
0.714967
0.714999
0.715026
0.715048
0.715064
0.715074
0.71508
0.713895
0.713952
0.714014
0.714079
0.714146
0.714216
0.714286
0.714357
0.714428
0.714498
0.714567
0.714633
0.714697
0.714757
0.714815
0.714868
0.714916
0.71496
0.714999
0.715033
0.715061
0.715084
0.715101
0.715112
0.715118
0.71387
0.71393
0.713995
0.714064
0.714135
0.714208
0.714282
0.714357
0.714432
0.714505
0.714577
0.714647
0.714715
0.714778
0.714839
0.714894
0.714946
0.714992
0.715033
0.715069
0.715099
0.715123
0.71514
0.715152
0.715158
0.713843
0.713907
0.713976
0.714048
0.714123
0.7142
0.714278
0.714357
0.714435
0.714513
0.714589
0.714662
0.714733
0.7148
0.714864
0.714923
0.714977
0.715025
0.715069
0.715106
0.715138
0.715163
0.715182
0.715194
0.7152
0.713815
0.713883
0.713955
0.714031
0.71411
0.714191
0.714273
0.714356
0.714439
0.714521
0.714601
0.714678
0.714753
0.714823
0.71489
0.714952
0.715009
0.71506
0.715106
0.715145
0.715178
0.715205
0.715225
0.715238
0.715244
0.713785
0.713856
0.713932
0.714013
0.714096
0.714181
0.714268
0.714356
0.714443
0.714529
0.714613
0.714695
0.714773
0.714847
0.714918
0.714983
0.715043
0.715097
0.715145
0.715187
0.715222
0.71525
0.715271
0.715284
0.715291
0.713753
0.713828
0.713909
0.713993
0.714081
0.714171
0.714263
0.714355
0.714446
0.714537
0.714626
0.714712
0.714794
0.714873
0.714947
0.715015
0.715078
0.715135
0.715186
0.71523
0.715267
0.715296
0.715318
0.715333
0.71534
0.713719
0.713799
0.713884
0.713973
0.714065
0.71416
0.714257
0.714354
0.71445
0.714546
0.714639
0.714729
0.714816
0.714899
0.714977
0.715049
0.715116
0.715176
0.715229
0.715275
0.715314
0.715345
0.715369
0.715384
0.715392
0.713683
0.713768
0.713857
0.713951
0.714048
0.714148
0.71425
0.714352
0.714454
0.714554
0.714653
0.714748
0.71484
0.714927
0.715009
0.715085
0.715155
0.715218
0.715275
0.715323
0.715364
0.715397
0.715422
0.715438
0.715446
0.713645
0.713734
0.713829
0.713928
0.714031
0.714136
0.714243
0.714351
0.714458
0.714564
0.714667
0.714768
0.714864
0.714956
0.715042
0.715123
0.715196
0.715263
0.715322
0.715374
0.715417
0.715451
0.715477
0.715494
0.715503
0.713605
0.713699
0.713799
0.713903
0.714012
0.714123
0.714235
0.714349
0.714462
0.714573
0.714682
0.714788
0.71489
0.714986
0.715077
0.715162
0.71524
0.71531
0.715372
0.715426
0.715472
0.715508
0.715536
0.715554
0.715563
0.713563
0.713662
0.713767
0.713877
0.713991
0.714108
0.714227
0.714347
0.714466
0.714583
0.714698
0.714809
0.714916
0.715018
0.715114
0.715203
0.715285
0.715359
0.715425
0.715482
0.71553
0.715568
0.715597
0.715616
0.715626
0.713517
0.713622
0.713733
0.71385
0.71397
0.714093
0.714219
0.714344
0.71447
0.714593
0.714714
0.714831
0.714944
0.715051
0.715152
0.715246
0.715333
0.715411
0.71548
0.71554
0.715591
0.715631
0.715662
0.715682
0.715692
0.71347
0.71358
0.713698
0.71382
0.713947
0.714077
0.714209
0.714342
0.714473
0.714604
0.714731
0.714855
0.714973
0.715086
0.715193
0.715292
0.715383
0.715465
0.715538
0.715602
0.715655
0.715698
0.71573
0.715751
0.715761
0.713419
0.713536
0.71366
0.713789
0.713923
0.71406
0.714199
0.714339
0.714477
0.714615
0.714749
0.714879
0.715004
0.715123
0.715235
0.71534
0.715435
0.715522
0.715599
0.715666
0.715722
0.715767
0.715801
0.715824
0.715835
0.713366
0.71349
0.71362
0.713757
0.713898
0.714042
0.714188
0.714335
0.714481
0.714626
0.714767
0.714904
0.715036
0.715161
0.71528
0.71539
0.715491
0.715582
0.715663
0.715734
0.715793
0.715841
0.715876
0.7159
0.715912
0.71331
0.71344
0.713578
0.713722
0.71387
0.714023
0.714177
0.714331
0.714485
0.714637
0.714786
0.714931
0.71507
0.715202
0.715326
0.715442
0.715549
0.715645
0.715731
0.715805
0.715867
0.715918
0.715956
0.715981
0.715993
0.713251
0.713388
0.713534
0.713685
0.713842
0.714002
0.714164
0.714327
0.714489
0.714649
0.714806
0.714958
0.715105
0.715244
0.715375
0.715497
0.715609
0.715711
0.715801
0.71588
0.715946
0.715999
0.716039
0.716065
0.716078
0.713188
0.713333
0.713487
0.713646
0.713811
0.71398
0.714151
0.714322
0.714493
0.714662
0.714827
0.714987
0.715141
0.715288
0.715426
0.715555
0.715673
0.71578
0.715876
0.715958
0.716028
0.716084
0.716126
0.716154
0.716168
0.713122
0.713275
0.713437
0.713605
0.713779
0.713957
0.714136
0.714317
0.714497
0.714675
0.714848
0.715017
0.715179
0.715334
0.71548
0.715615
0.71574
0.715853
0.715954
0.716041
0.716114
0.716174
0.716218
0.716248
0.716262
0.713052
0.713214
0.713384
0.713562
0.713745
0.713932
0.714121
0.714311
0.714501
0.714688
0.714871
0.715048
0.715219
0.715382
0.715536
0.715679
0.715811
0.71593
0.716036
0.716128
0.716205
0.716268
0.716315
0.716346
0.716361
0.712979
0.713149
0.713329
0.713516
0.713709
0.713905
0.714105
0.714305
0.714504
0.714701
0.714894
0.715081
0.715261
0.715433
0.715595
0.715746
0.715885
0.71601
0.716122
0.716219
0.716301
0.716367
0.716417
0.71645
0.716466
0.712901
0.713081
0.713271
0.713467
0.71367
0.713877
0.714087
0.714298
0.714508
0.714715
0.714918
0.715115
0.715305
0.715486
0.715656
0.715816
0.715962
0.716095
0.716213
0.716315
0.716402
0.716471
0.716524
0.716559
0.716576
0.71282
0.713009
0.713209
0.713416
0.713629
0.713847
0.714068
0.71429
0.714511
0.714729
0.714943
0.71515
0.71535
0.715541
0.715721
0.715889
0.716043
0.716183
0.716308
0.716416
0.716507
0.716581
0.716636
0.716673
0.716691
0.712734
0.712934
0.713144
0.713362
0.713586
0.713815
0.714048
0.714281
0.714513
0.714743
0.714968
0.715187
0.715398
0.715599
0.715789
0.715966
0.716129
0.716276
0.716408
0.716522
0.716619
0.716696
0.716755
0.716794
0.716813
0.712643
0.712854
0.713075
0.713304
0.71354
0.713781
0.714026
0.714271
0.714516
0.714758
0.714995
0.715225
0.715447
0.715659
0.715859
0.716046
0.716218
0.716374
0.716513
0.716634
0.716735
0.716818
0.716879
0.716921
0.716941
0.712548
0.712769
0.713002
0.713243
0.713491
0.713745
0.714002
0.71426
0.714518
0.714772
0.715022
0.715265
0.715499
0.715722
0.715933
0.71613
0.716312
0.716477
0.716623
0.716751
0.716858
0.716945
0.717011
0.717054
0.717076
0.712447
0.71268
0.712925
0.713178
0.71344
0.713706
0.713976
0.714248
0.714519
0.714787
0.71505
0.715306
0.715552
0.715788
0.716011
0.716219
0.71641
0.716584
0.716739
0.716874
0.716988
0.717079
0.717149
0.717195
0.717218
0.712341
0.712587
0.712843
0.71311
0.713384
0.713665
0.713949
0.714234
0.714519
0.714802
0.715078
0.715348
0.715608
0.715857
0.716092
0.716311
0.716513
0.716697
0.716861
0.717003
0.717123
0.71722
0.717294
0.717343
0.717367
0.712229
0.712487
0.712757
0.713037
0.713326
0.71362
0.713919
0.714219
0.714519
0.714816
0.715108
0.715392
0.715666
0.715928
0.716176
0.716408
0.716621
0.716816
0.716989
0.717139
0.717266
0.717369
0.717446
0.717498
0.717524
0.712112
0.712383
0.712666
0.71296
0.713263
0.713573
0.713886
0.714202
0.714518
0.71483
0.715138
0.715437
0.715726
0.716003
0.716264
0.716509
0.716735
0.71694
0.717123
0.717282
0.717416
0.717525
0.717607
0.717662
0.717689
0.711988
0.712272
0.71257
0.712879
0.713196
0.713521
0.713851
0.714183
0.714515
0.714844
0.715168
0.715483
0.715788
0.71608
0.716356
0.716615
0.716853
0.71707
0.717264
0.717432
0.717574
0.717689
0.717776
0.717834
0.717863
0.711857
0.712156
0.712468
0.712792
0.713125
0.713466
0.713813
0.714162
0.714511
0.714857
0.715198
0.715531
0.715852
0.71616
0.716452
0.716725
0.716977
0.717207
0.717411
0.71759
0.71774
0.717862
0.717954
0.718015
0.718046
0.711719
0.712032
0.712359
0.712699
0.713049
0.713407
0.713771
0.714138
0.714505
0.71487
0.715229
0.71558
0.715919
0.716244
0.716552
0.71684
0.717107
0.71735
0.717566
0.717755
0.717915
0.718044
0.718141
0.718206
0.718239
0.711573
0.711902
0.712244
0.7126
0.712968
0.713343
0.713726
0.714111
0.714498
0.714881
0.71526
0.715629
0.715987
0.71633
0.716656
0.716961
0.717243
0.7175
0.717729
0.717929
0.718098
0.718235
0.718338
0.718407
0.718441
0.71142
0.711763
0.712122
0.712495
0.71288
0.713275
0.713676
0.714081
0.714487
0.714892
0.71529
0.71568
0.716058
0.71642
0.716764
0.717086
0.717385
0.717657
0.7179
0.718111
0.71829
0.718435
0.718545
0.718618
0.718655
0.711258
0.711617
0.711993
0.712383
0.712787
0.7132
0.713621
0.714047
0.714475
0.7149
0.71532
0.715731
0.71613
0.716513
0.716876
0.717217
0.717533
0.717821
0.718078
0.718303
0.718493
0.718647
0.718763
0.718841
0.718879
0.711086
0.711462
0.711855
0.712263
0.712686
0.71312
0.713562
0.714009
0.714459
0.714906
0.715349
0.715783
0.716204
0.716608
0.716993
0.717354
0.717688
0.717993
0.718266
0.718504
0.718705
0.718868
0.718992
0.719074
0.719116
0.710905
0.711297
0.711708
0.712135
0.712578
0.713032
0.713496
0.713966
0.714439
0.71491
0.715377
0.715834
0.716279
0.716707
0.717113
0.717495
0.71785
0.718173
0.718462
0.718715
0.718929
0.719102
0.719233
0.719321
0.719364
0.710713
0.711122
0.711551
0.711998
0.712461
0.712937
0.713424
0.713918
0.714415
0.714911
0.715403
0.715886
0.716356
0.716808
0.717238
0.717643
0.718018
0.718361
0.718668
0.718936
0.719163
0.719347
0.719486
0.719579
0.719626
0.71051
0.710936
0.711384
0.711851
0.712335
0.712834
0.713344
0.713863
0.714386
0.714909
0.715427
0.715937
0.716433
0.716911
0.717367
0.717796
0.718194
0.718557
0.718883
0.719168
0.719409
0.719605
0.719753
0.719852
0.719901
0.710294
0.710739
0.711205
0.711692
0.712198
0.712721
0.713256
0.713801
0.714351
0.714902
0.715449
0.715987
0.716511
0.717017
0.7175
0.717954
0.718377
0.718762
0.719108
0.719411
0.719667
0.719875
0.720033
0.720138
0.720191
0.710066
0.710528
0.711014
0.711522
0.712051
0.712598
0.713159
0.713731
0.71431
0.71489
0.715467
0.716035
0.71659
0.717125
0.717636
0.718118
0.718566
0.718976
0.719344
0.719665
0.719938
0.720159
0.720327
0.720439
0.720495
0.709823
0.710303
0.710809
0.711339
0.711891
0.712463
0.713051
0.713652
0.714261
0.714872
0.715481
0.716081
0.716668
0.717235
0.717777
0.718288
0.718764
0.719199
0.71959
0.719932
0.720222
0.720458
0.720636
0.720756
0.720816
0.709565
0.710063
0.710589
0.711141
0.711717
0.712316
0.712932
0.713563
0.714203
0.714847
0.715489
0.716124
0.716745
0.717345
0.71792
0.718463
0.718968
0.719431
0.719847
0.720211
0.72052
0.720771
0.720961
0.721089
0.721152
0.709291
0.709807
0.710352
0.710927
0.711528
0.712154
0.7128
0.713462
0.714135
0.714814
0.715492
0.716163
0.71682
0.717456
0.718066
0.718643
0.71918
0.719672
0.720115
0.720503
0.720832
0.721099
0.721302
0.721438
0.721506
0.708999
0.709532
0.710098
0.710695
0.711322
0.711976
0.712653
0.713348
0.714056
0.714772
0.715487
0.716197
0.716892
0.717567
0.718215
0.718827
0.719399
0.719923
0.720394
0.720807
0.721159
0.721444
0.72166
0.721805
0.721878
0.708687
0.709237
0.709824
0.710444
0.711097
0.71178
0.712489
0.713219
0.713964
0.714718
0.715474
0.716224
0.716961
0.717677
0.718365
0.719016
0.719624
0.720182
0.720685
0.721126
0.7215
0.721805
0.722036
0.722191
0.722268
0.708353
0.708921
0.709528
0.710171
0.710851
0.711564
0.712306
0.713072
0.713856
0.714651
0.71545
0.716244
0.717025
0.717785
0.718516
0.719209
0.719856
0.720451
0.720987
0.721457
0.721858
0.722183
0.72243
0.722595
0.722678
0.707997
0.708581
0.709207
0.709875
0.710582
0.711326
0.712103
0.712907
0.713732
0.71457
0.715414
0.716255
0.717083
0.71789
0.718667
0.719404
0.720094
0.720729
0.721301
0.721803
0.722231
0.722578
0.722842
0.723019
0.723108
0.707615
0.708215
0.708861
0.709552
0.710286
0.711062
0.711875
0.712719
0.713587
0.714471
0.715363
0.716254
0.717132
0.71799
0.718817
0.719602
0.720338
0.721015
0.721626
0.722163
0.72262
0.722992
0.723274
0.723464
0.723559
0.707205
0.70782
0.708485
0.709199
0.709962
0.710771
0.711621
0.712506
0.713419
0.714352
0.715296
0.716239
0.717172
0.718084
0.718963
0.719801
0.720586
0.721309
0.721962
0.722536
0.723025
0.723423
0.723726
0.723929
0.724031
0.706765
0.707393
0.708076
0.708814
0.709605
0.710447
0.711336
0.712265
0.713226
0.71421
0.715208
0.716208
0.717199
0.718169
0.719106
0.719999
0.720837
0.72161
0.722308
0.722923
0.723446
0.723873
0.724197
0.724415
0.724524
0.706292
0.706932
0.707631
0.708391
0.709211
0.710088
0.711016
0.711991
0.713002
0.714041
0.715097
0.716158
0.71721
0.718243
0.719242
0.720195
0.72109
0.721917
0.722664
0.723323
0.723884
0.724341
0.724689
0.724923
0.72504
0.705782
0.706431
0.707146
0.707928
0.708776
0.709688
0.710658
0.71168
0.712745
0.713842
0.714959
0.716084
0.717203
0.718303
0.719368
0.720386
0.721344
0.722229
0.723029
0.723735
0.724337
0.724828
0.725201
0.725452
0.725578
0.705232
0.705888
0.706617
0.70742
0.708296
0.709243
0.710256
0.711327
0.712448
0.713606
0.714789
0.715983
0.717174
0.718345
0.719483
0.720571
0.721596
0.722543
0.723401
0.724159
0.724805
0.725332
0.725733
0.726003
0.726138
0.704636
0.705298
0.706038
0.70686
0.707764
0.708746
0.709803
0.710926
0.712105
0.713328
0.714582
0.71585
0.717117
0.718367
0.719581
0.720745
0.721843
0.722859
0.723779
0.724592
0.725287
0.725853
0.726285
0.726575
0.72672
0.703992
0.704654
0.705403
0.706242
0.707173
0.708191
0.709293
0.71047
0.711711
0.713003
0.714331
0.715679
0.717028
0.718361
0.71966
0.720906
0.722082
0.723172
0.72416
0.725034
0.725781
0.72639
0.726854
0.727167
0.727323
0.703293
0.703952
0.704706
0.705561
0.706516
0.707571
0.708719
0.709951
0.711257
0.712622
0.71403
0.715462
0.7169
0.718324
0.719713
0.721047
0.722309
0.723479
0.724541
0.725481
0.726284
0.726941
0.727441
0.727778
0.727946
0.702534
0.703185
0.70394
0.704806
0.705785
0.706875
0.70807
0.70936
0.710734
0.712176
0.713669
0.715193
0.716726
0.718247
0.719733
0.721164
0.722518
0.723776
0.724918
0.72593
0.726795
0.727503
0.728042
0.728405
0.728587
0.701709
0.702345
0.703096
0.70397
0.70497
0.706094
0.707336
0.708686
0.710132
0.711656
0.713239
0.71486
0.716496
0.718122
0.719715
0.72125
0.722704
0.724057
0.725287
0.726376
0.727309
0.728072
0.728654
0.729046
0.729243
0.700811
0.701425
0.702165
0.703042
0.704059
0.705216
0.706505
0.707918
0.709438
0.711048
0.712728
0.714454
0.7162
0.71794
0.719647
0.721295
0.722859
0.724315
0.72564
0.726815
0.727822
0.728645
0.729273
0.729697
0.729909
0.699836
0.700416
0.701137
0.70201
0.70304
0.704226
0.705563
0.707039
0.708638
0.710339
0.712121
0.71396
0.715825
0.717688
0.719519
0.72129
0.722973
0.724541
0.72597
0.727238
0.728325
0.729215
0.729894
0.730352
0.730582
0.698783
0.699312
0.700003
0.700864
0.7019
0.703112
0.704495
0.706035
0.707715
0.709512
0.711403
0.713362
0.715356
0.717352
0.719318
0.721222
0.723034
0.724725
0.726267
0.727637
0.728812
0.729774
0.730509
0.731004
0.731253
0.697663
0.698125
0.69876
0.699594
0.700628
0.701859
0.703283
0.704887
0.70665
0.708548
0.710554
0.712642
0.714776
0.716915
0.719027
0.721076
0.723029
0.724853
0.726519
0.727999
0.729271
0.730312
0.731107
0.731644
0.731913
0.696496
0.696873
0.697436
0.69821
0.699222
0.700462
0.701919
0.703581
0.705429
0.707431
0.709555
0.711777
0.714065
0.716357
0.718627
0.720834
0.72294
0.724909
0.72671
0.728312
0.729688
0.730816
0.731678
0.73226
0.732551
0.695345
0.695586
0.696049
0.696753
0.697713
0.698933
0.700407
0.702118
0.704045
0.70615
0.70839
0.710749
0.713207
0.71566
0.718099
0.720476
0.722747
0.724875
0.726822
0.728556
0.730047
0.731269
0.732204
0.732835
0.733152
0.694283
0.694364
0.694687
0.69528
0.696161
0.697333
0.698796
0.700534
0.702524
0.704716
0.707059
0.70957
0.712183
0.714814
0.717429
0.719988
0.722435
0.724731
0.726836
0.728713
0.730328
0.731653
0.732667
0.733351
0.733694
0.693386
0.693306
0.693473
0.693926
0.694692
0.695783
0.6972
0.69893
0.700942
0.703193
0.705651
0.708312
0.711061
0.713847
0.716633
0.719381
0.722006
0.724475
0.726744
0.72877
0.730515
0.731949
0.733046
0.733787
0.734159
0.692693
0.692483
0.692515
0.692836
0.693482
0.694473
0.695818
0.697506
0.699509
0.701791
0.704346
0.707096
0.709949
0.712869
0.715828
0.718733
0.721519
0.724154
0.726583
0.728754
0.730626
0.732166
0.733346
0.734143
0.734543
0.69217
0.691888
0.691843
0.692085
0.692655
0.693579
0.694868
0.69652
0.698511
0.700812
0.703387
0.706186
0.709129
0.712164
0.715232
0.718251
0.72117
0.723938
0.726491
0.728777
0.730752
0.732378
0.733625
0.734467
0.734891
0.691814
0.691513
0.69145
0.691676
0.692231
0.693144
0.694427
0.696078
0.698077
0.700399
0.703003
0.705834
0.708817
0.711904
0.715027
0.718111
0.721101
0.723937
0.726556
0.728903
0.730933
0.732605
0.733889
0.734757
0.735193
)
;

boundaryField
{
    back
    {
        type            empty;
    }
    cylinder
    {
        type            calculated;
        value           nonuniform List<scalar> 
100
(
0.735191
0.734752
0.733881
0.732595
0.730919
0.728887
0.726537
0.723915
0.721077
0.718085
0.714999
0.711874
0.708786
0.705801
0.702968
0.700362
0.69804
0.696039
0.694387
0.693102
0.692188
0.691632
0.691405
0.691467
0.691768
0.692249
0.692857
0.693536
0.694237
0.694924
0.69557
0.696156
0.696675
0.697124
0.697508
0.697829
0.69809
0.698295
0.698447
0.698555
0.698631
0.698688
0.698736
0.698785
0.698838
0.698895
0.698953
0.699007
0.699049
0.699074
0.699077
0.699058
0.699021
0.698973
0.69892
0.698867
0.698819
0.698773
0.698727
0.698672
0.698598
0.698491
0.698339
0.698135
0.697873
0.697552
0.697169
0.69672
0.696203
0.695617
0.694971
0.694284
0.693583
0.692904
0.692296
0.691814
0.691513
0.69145
0.691676
0.692231
0.693144
0.694427
0.696078
0.698077
0.700399
0.703003
0.705834
0.708817
0.711904
0.715027
0.718111
0.721101
0.723937
0.726556
0.728903
0.730933
0.732605
0.733889
0.734757
0.735193
)
;
    }
    front
    {
        type            empty;
    }
    inlet
    {
        type            calculated;
        value           uniform 0.714286;
    }
    outlet
    {
        type            calculated;
        value           nonuniform List<scalar> 
50
(
0.713849
0.714047
0.71417
0.714161
0.714119
0.714092
0.714075
0.714059
0.714043
0.714026
0.714012
0.713999
0.713989
0.713981
0.713976
0.71397
0.713964
0.713955
0.713947
0.713929
0.71392
0.713869
0.713897
0.713656
0.713469
0.713484
0.713679
0.71393
0.713907
0.713958
0.713969
0.713987
0.713997
0.714006
0.714013
0.71402
0.714027
0.714035
0.714045
0.714058
0.714073
0.714088
0.714103
0.714115
0.714125
0.714142
0.714176
0.71418
0.714031
0.71379
)
;
    }
}


// ************************************************************************* //
