/*--------------------------------*- C++ -*----------------------------------*\
| =========                 |                                                 |
| \\      /  F ield         | OpenFOAM: The Open Source CFD Toolbox           |
|  \\    /   O peration     | Version:  v1912                                 |
|   \\  /    A nd           | Website:  www.openfoam.com                      |
|    \\/     M anipulation  |                                                 |
\*---------------------------------------------------------------------------*/
FoamFile
{
    version     2.0;
    format      ascii;
    class       volScalarField;
    location    "1000";
    object      rho;
}
// * * * * * * * * * * * * * * * * * * * * * * * * * * * * * * * * * * * * * //

dimensions      [1 -3 0 0 0 0 0];


internalField   nonuniform List<scalar> 
9900
(
1.00373
1.00383
1.0041
1.00416
1.00428
1.00431
1.00429
1.00421
1.00408
1.00386
1.00358
1.00323
1.00283
1.00237
1.00182
1.00123
1.00067
1.0002
0.999897
0.999777
1.00002
1.00074
1.00211
1.00452
1.00777
1.00168
1.00141
1.00153
1.00137
1.00134
1.00119
1.00109
1.00089
1.00072
1.00051
1.00032
1.00013
0.999953
0.999825
0.999752
0.99975
0.999818
0.999953
1.00021
1.00072
1.00143
1.00233
1.00319
1.00299
1.00106
1.00002
1.00002
0.999854
0.999915
0.99972
0.999693
0.999555
0.999441
0.999314
0.9992
0.999111
0.999067
0.999063
0.999101
0.999219
0.99943
0.999717
1.00009
1.00052
1.00104
1.00153
1.00188
1.00216
1.00227
1.00292
1.00006
1.00017
1.00006
1.00013
1.00008
1.00007
0.999998
0.99996
0.99987
0.999796
0.999735
0.999706
0.999711
0.999731
0.99978
0.999857
0.999985
1.00019
1.00047
1.00073
1.00096
1.00125
1.00174
1.0024
1.00314
1.00049
1.00055
1.00051
1.0005
1.00048
1.00041
1.00036
1.0003
1.00023
1.00016
1.00009
1.00003
0.999973
0.99991
0.999875
0.999873
0.999905
0.999974
1.00008
1.00025
1.00055
1.00104
1.0017
1.00239
1.00297
1.00064
1.00061
1.00059
1.00052
1.00048
1.00038
1.0003
1.0002
1.0001
1.00001
0.999924
0.999828
0.99973
0.99963
0.99954
0.999482
0.999473
0.999535
0.999683
0.999964
1.00041
1.00103
1.00175
1.00245
1.00312
1.00057
1.00051
1.00047
1.00038
1.00032
1.00021
1.00009
0.999974
0.99984
0.999712
0.999589
0.999461
0.999325
0.999198
0.999102
0.999073
0.999124
0.999267
0.999522
0.999924
1.00047
1.00114
1.00185
1.00254
1.00315
1.00051
1.00042
1.00036
1.00026
1.00015
1.00002
0.999878
0.999739
0.999569
0.999404
0.99925
0.999104
0.998973
0.998887
0.998857
0.998896
0.99902
0.999244
0.999591
1.00007
1.00065
1.00127
1.0019
1.00251
1.00307
1.0005
1.00039
1.00029
1.00016
1.00001
0.999846
0.999674
0.999501
0.999317
0.999144
0.998992
0.998875
0.9988
0.99877
0.9988
0.998903
0.999098
0.999391
0.999785
1.00027
1.00079
1.00132
1.00184
1.00237
1.00291
1.00049
1.00037
1.00022
1.00006
0.99989
0.999706
0.999515
0.999326
0.999145
0.998989
0.998868
0.998786
0.998751
0.998773
0.998863
0.999029
0.99927
0.999585
0.999967
1.00039
1.00082
1.00125
1.0017
1.0022
1.00273
1.00048
1.00035
1.00016
0.999984
0.999798
0.999607
0.999412
0.999225
0.999058
0.998925
0.998834
0.998789
0.998801
0.998869
0.998999
0.999187
0.999432
0.999725
1.00005
1.00039
1.00074
1.00112
1.00155
1.00204
1.00255
1.00047
1.00033
1.00012
0.999928
0.999742
0.999555
0.999367
0.999192
0.999047
0.99894
0.998878
0.998866
0.998905
0.998995
0.999131
0.999313
0.99953
0.999768
1.00002
1.0003
1.00061
1.00098
1.00141
1.0019
1.00238
1.00046
1.00032
1.0001
0.999902
0.999721
0.999546
0.999372
0.999214
0.999088
0.999003
0.998962
0.998966
0.999014
0.999101
0.999229
0.999378
0.999545
0.999734
0.999941
1.00018
1.00048
1.00085
1.00131
1.00179
1.00222
1.00047
1.00031
1.0001
0.999902
0.999727
0.999563
0.999405
0.999262
0.999151
0.999079
0.999046
0.999054
0.999096
0.999178
0.999265
0.999376
0.999508
0.999658
0.999835
1.00006
1.00037
1.00077
1.00122
1.00168
1.00204
1.00047
1.0003
1.00011
0.999917
0.999745
0.99959
0.999444
0.999313
0.99921
0.999142
0.99911
0.999111
0.999145
0.999186
0.999256
0.99934
0.99944
0.999566
0.999737
0.999977
1.0003
1.00071
1.00115
1.00155
1.00186
1.00047
1.0003
1.00012
0.999933
0.999764
0.999614
0.999475
0.99935
0.99925
0.999181
0.999143
0.999134
0.999144
0.999175
0.999219
0.999279
0.999362
0.999485
0.999666
0.999924
1.00026
1.00066
1.00107
1.00142
1.00166
1.00045
1.00029
1.00012
0.999945
0.999778
0.99963
0.999493
0.999371
0.99927
0.999195
0.999149
0.999128
0.999125
0.999137
0.999164
0.999213
0.999296
0.99943
0.999629
0.999904
1.00025
1.00062
1.00098
1.00127
1.00146
1.00043
1.00027
1.00012
0.999949
0.999785
0.999636
0.9995
0.999377
0.999272
0.999192
0.999137
0.999103
0.999088
0.99909
0.999111
0.999163
0.999257
0.999407
0.999625
0.999906
1.00024
1.00058
1.00088
1.0011
1.00126
1.00042
1.00026
1.00011
0.999948
0.999787
0.999637
0.999499
0.999374
0.999265
0.999179
0.999115
0.999074
0.999052
0.999051
0.999077
0.999139
0.999249
0.999415
0.999641
0.999919
1.00022
1.00051
1.00076
1.00094
1.00107
1.0004
1.00025
1.00011
0.999946
0.999787
0.999636
0.999497
0.999369
0.999257
0.999166
0.999097
0.999052
0.999029
0.999033
0.999069
0.999145
0.999268
0.999444
0.999668
0.999929
1.0002
1.00044
1.00063
1.00078
1.00089
1.0004
1.00025
1.0001
0.999947
0.999789
0.999638
0.999497
0.999368
0.999255
0.999162
0.999092
0.999047
0.999029
0.999041
0.999088
0.999175
0.999307
0.999484
0.999698
0.999931
1.00016
1.00035
1.00051
1.00062
1.00073
1.00041
1.00026
1.00011
0.999953
0.999797
0.999647
0.999505
0.999376
0.999264
0.999172
0.999104
0.999063
0.999051
0.999072
0.999128
0.999222
0.999356
0.999525
0.999722
0.999923
1.00011
1.00026
1.00038
1.00048
1.00059
1.00042
1.00027
1.00012
0.999967
0.999813
0.999664
0.999524
0.999397
0.999287
0.999199
0.999135
0.999099
0.999094
0.999122
0.999183
0.999279
0.999408
0.999564
0.999733
0.999901
1.00005
1.00017
1.00026
1.00034
1.00045
1.00044
1.0003
1.00014
0.99999
0.999838
0.999691
0.999553
0.99943
0.999325
0.999241
0.999182
0.999152
0.999152
0.999183
0.999245
0.999337
0.999455
0.999593
0.999734
0.999867
0.99998
1.00007
1.00014
1.00023
1.00034
1.00047
1.00032
1.00017
1.00002
0.999872
0.999728
0.999594
0.999475
0.999374
0.999296
0.999243
0.999216
0.999219
0.99925
0.999309
0.999392
0.999497
0.999608
0.999722
0.999825
0.999909
0.999976
1.00004
1.00012
1.00023
1.0005
1.00036
1.00021
1.00006
0.999914
0.999774
0.999644
0.999529
0.999434
0.999361
0.999311
0.999288
0.99929
0.999318
0.99937
0.999441
0.999527
0.999615
0.999702
0.999777
0.999837
0.999888
0.999944
1.00002
1.00014
1.00053
1.00039
1.00025
1.00011
0.999964
0.999828
0.999702
0.999592
0.999501
0.999431
0.999385
0.999362
0.999362
0.999384
0.999426
0.999484
0.999546
0.999613
0.999675
0.999726
0.999768
0.999807
0.999858
0.999935
1.00005
1.00057
1.00043
1.0003
1.00016
1.00002
0.999888
0.999766
0.99966
0.999573
0.999506
0.99946
0.999435
0.999431
0.999445
0.999475
0.999515
0.99956
0.999605
0.999644
0.999675
0.999702
0.999733
0.999781
0.999858
0.999972
1.0006
1.00047
1.00034
1.00021
1.00008
0.999953
0.999836
0.999733
0.999647
0.999581
0.999534
0.999506
0.999496
0.9995
0.999516
0.99954
0.999566
0.999591
0.99961
0.999626
0.999641
0.999666
0.999711
0.999787
0.999899
1.00064
1.00052
1.0004
1.00027
1.00014
1.00002
0.999908
0.999807
0.999723
0.999656
0.999607
0.999574
0.999555
0.999549
0.999551
0.999558
0.999567
0.999574
0.999577
0.999579
0.999586
0.999606
0.999649
0.999723
0.99983
1.00069
1.00057
1.00045
1.00033
1.00021
1.00009
0.999981
0.999883
0.999798
0.999729
0.999676
0.999637
0.999609
0.999591
0.99958
0.999572
0.999564
0.999555
0.999545
0.999536
0.999536
0.999552
0.999592
0.999663
0.999765
1.00073
1.00062
1.00051
1.00039
1.00028
1.00016
1.00006
0.999957
0.999872
0.9998
0.999742
0.999695
0.999658
0.999629
0.999604
0.999581
0.999559
0.999536
0.999514
0.999497
0.999491
0.999503
0.99954
0.999607
0.999703
1.00078
1.00067
1.00056
1.00045
1.00034
1.00023
1.00013
1.00003
0.999944
0.999868
0.999804
0.999749
0.999703
0.999662
0.999624
0.999588
0.999553
0.999518
0.999486
0.999462
0.99945
0.999458
0.999492
0.999553
0.999641
1.00083
1.00072
1.00062
1.00052
1.00041
1.0003
1.0002
1.0001
1.00001
0.999933
0.999863
0.9998
0.999743
0.999691
0.999641
0.999593
0.999546
0.999501
0.99946
0.999429
0.999413
0.999417
0.999446
0.999501
0.999581
1.00088
1.00078
1.00068
1.00058
1.00048
1.00037
1.00027
1.00017
1.00008
0.999996
0.999918
0.999847
0.99978
0.999717
0.999656
0.999597
0.999539
0.999485
0.999437
0.9994
0.999378
0.999378
0.999401
0.99945
0.999521
1.00093
1.00084
1.00074
1.00064
1.00054
1.00044
1.00034
1.00024
1.00014
1.00005
0.999971
0.999891
0.999815
0.999741
0.99967
0.9996
0.999533
0.99947
0.999415
0.999372
0.999346
0.99934
0.999358
0.999399
0.99946
1.00099
1.0009
1.00081
1.00071
1.00061
1.00051
1.00041
1.00031
1.00021
1.00011
1.00002
0.999933
0.999847
0.999764
0.999683
0.999603
0.999527
0.999457
0.999395
0.999346
0.999315
0.999303
0.999314
0.999347
0.999398
1.00105
1.00096
1.00087
1.00077
1.00068
1.00058
1.00047
1.00037
1.00027
1.00017
1.00007
0.999973
0.999879
0.999786
0.999695
0.999606
0.999522
0.999444
0.999376
0.999322
0.999284
0.999267
0.99927
0.999293
0.999334
1.00111
1.00103
1.00094
1.00084
1.00074
1.00064
1.00054
1.00043
1.00033
1.00022
1.00012
1.00001
0.999909
0.999807
0.999707
0.99961
0.999518
0.999433
0.999359
0.999298
0.999254
0.999229
0.999224
0.999238
0.999268
1.00118
1.00109
1.00101
1.00091
1.00081
1.00071
1.0006
1.0005
1.00039
1.00027
1.00016
1.00005
0.999939
0.999829
0.99972
0.999615
0.999515
0.999423
0.999342
0.999274
0.999223
0.999191
0.999177
0.999181
0.9992
1.00125
1.00116
1.00108
1.00098
1.00088
1.00078
1.00067
1.00056
1.00044
1.00033
1.00021
1.00009
0.999969
0.999851
0.999734
0.99962
0.999513
0.999413
0.999325
0.99925
0.999192
0.999151
0.999127
0.999121
0.999128
1.00132
1.00124
1.00115
1.00105
1.00095
1.00085
1.00074
1.00062
1.0005
1.00038
1.00025
1.00013
1
0.999873
0.999748
0.999627
0.999511
0.999404
0.999308
0.999226
0.999159
0.999109
0.999076
0.999058
0.999054
1.00139
1.00131
1.00123
1.00113
1.00103
1.00092
1.00081
1.00069
1.00056
1.00043
1.0003
1.00017
1.00003
0.999897
0.999763
0.999634
0.99951
0.999395
0.999291
0.9992
0.999125
0.999065
0.999021
0.998992
0.998977
1.00147
1.00139
1.0013
1.00121
1.00111
1.00099
1.00088
1.00075
1.00062
1.00049
1.00035
1.00021
1.00006
0.999921
0.999779
0.999641
0.99951
0.999386
0.999274
0.999174
0.999088
0.999018
0.998963
0.998923
0.998896
1.00155
1.00147
1.00139
1.00129
1.00118
1.00107
1.00095
1.00082
1.00069
1.00054
1.0004
1.00025
1.0001
0.999946
0.999796
0.99965
0.999509
0.999377
0.999255
0.999146
0.99905
0.998969
0.998903
0.998851
0.998812
1.00164
1.00156
1.00147
1.00137
1.00127
1.00115
1.00102
1.00089
1.00075
1.0006
1.00045
1.00029
1.00013
0.999973
0.999814
0.999658
0.999509
0.999367
0.999235
0.999115
0.999009
0.998916
0.998838
0.998774
0.998723
1.00172
1.00165
1.00156
1.00146
1.00135
1.00123
1.0011
1.00096
1.00082
1.00066
1.0005
1.00034
1.00017
1
0.999832
0.999667
0.999508
0.999356
0.999214
0.999083
0.998965
0.998861
0.998771
0.998694
0.998631
1.00182
1.00174
1.00166
1.00155
1.00144
1.00132
1.00118
1.00104
1.00089
1.00072
1.00056
1.00038
1.00021
1.00003
0.999851
0.999676
0.999507
0.999344
0.999191
0.999049
0.998919
0.998802
0.998699
0.99861
0.998534
1.00192
1.00184
1.00175
1.00165
1.00154
1.00141
1.00127
1.00112
1.00096
1.00079
1.00061
1.00043
1.00025
1.00006
0.99987
0.999686
0.999505
0.999332
0.999167
0.999013
0.99887
0.99874
0.998624
0.998521
0.998432
1.00202
1.00195
1.00186
1.00175
1.00163
1.0015
1.00136
1.0012
1.00103
1.00086
1.00067
1.00048
1.00029
1.00009
0.999889
0.999693
0.999501
0.999316
0.999139
0.998971
0.998816
0.998673
0.998543
0.998427
0.998324
1.00213
1.00205
1.00196
1.00186
1.00173
1.0016
1.00145
1.00129
1.00111
1.00093
1.00073
1.00053
1.00033
1.00012
0.99991
0.999702
0.999498
0.9993
0.99911
0.99893
0.998761
0.998604
0.99846
0.99833
0.998214
1.00224
1.00217
1.00208
1.00197
1.00184
1.0017
1.00154
1.00137
1.00119
1.001
1.0008
1.00059
1.00037
1.00015
0.999929
0.999709
0.999493
0.999282
0.999078
0.998884
0.998701
0.998529
0.998371
0.998227
0.998096
1.00236
1.00229
1.00219
1.00208
1.00195
1.00181
1.00164
1.00147
1.00128
1.00107
1.00086
1.00064
1.00041
1.00018
0.999949
0.999716
0.999486
0.999261
0.999044
0.998835
0.998637
0.99845
0.998277
0.998118
0.997973
1.00249
1.00241
1.00232
1.0022
1.00207
1.00192
1.00175
1.00156
1.00137
1.00115
1.00093
1.0007
1.00046
1.00021
0.999968
0.999722
0.999478
0.999239
0.999006
0.998782
0.998568
0.998367
0.998178
0.998003
0.997843
1.00262
1.00255
1.00245
1.00233
1.00219
1.00204
1.00186
1.00167
1.00146
1.00124
1.001
1.00076
1.0005
1.00025
0.999987
0.999727
0.999468
0.999213
0.998965
0.998725
0.998496
0.998278
0.998073
0.997883
0.997708
1.00276
1.00269
1.00259
1.00247
1.00232
1.00216
1.00197
1.00177
1.00155
1.00132
1.00107
1.00082
1.00055
1.00028
1.00001
0.99973
0.999456
0.999185
0.998921
0.998665
0.998419
0.998184
0.997963
0.997757
0.997565
1.00291
1.00283
1.00273
1.00261
1.00246
1.00229
1.0021
1.00188
1.00166
1.00141
1.00115
1.00088
1.0006
1.00031
1.00002
0.999733
0.999442
0.999154
0.998873
0.9986
0.998337
0.998085
0.997847
0.997624
0.997416
1.00306
1.00299
1.00288
1.00275
1.0026
1.00242
1.00222
1.002
1.00176
1.0015
1.00123
1.00095
1.00065
1.00035
1.00004
0.999733
0.999425
0.999121
0.998822
0.99853
0.998249
0.99798
0.997725
0.997484
0.997259
1.00323
1.00315
1.00304
1.00291
1.00275
1.00256
1.00235
1.00212
1.00187
1.0016
1.00131
1.00101
1.0007
1.00038
1.00006
0.999733
0.999407
0.999083
0.998766
0.998456
0.998157
0.997869
0.997596
0.997337
0.997095
1.0034
1.00332
1.00321
1.00307
1.00291
1.00271
1.00249
1.00225
1.00198
1.0017
1.0014
1.00108
1.00075
1.00042
1.00008
0.99973
0.999385
0.999043
0.998706
0.998377
0.998058
0.997752
0.99746
0.997183
0.996923
1.00359
1.00351
1.00339
1.00325
1.00307
1.00287
1.00264
1.00238
1.0021
1.0018
1.00149
1.00115
1.00081
1.00045
1.00009
0.999726
0.99936
0.998998
0.998641
0.998292
0.997954
0.997628
0.997317
0.997021
0.996743
1.00378
1.0037
1.00358
1.00343
1.00325
1.00303
1.00279
1.00252
1.00223
1.00191
1.00158
1.00123
1.00086
1.00049
1.0001
0.999719
0.999332
0.998949
0.998571
0.998201
0.997843
0.997497
0.997166
0.996851
0.996554
1.00398
1.0039
1.00378
1.00362
1.00343
1.00321
1.00295
1.00267
1.00236
1.00203
1.00167
1.0013
1.00092
1.00052
1.00012
0.999709
0.999301
0.998895
0.998495
0.998104
0.997724
0.997358
0.997006
0.996672
0.996355
1.0042
1.00411
1.00399
1.00382
1.00362
1.00339
1.00312
1.00282
1.00249
1.00214
1.00177
1.00138
1.00097
1.00055
1.00013
0.999697
0.999265
0.998837
0.998414
0.998
0.997598
0.99721
0.996838
0.996484
0.996147
1.00443
1.00434
1.00421
1.00403
1.00382
1.00358
1.00329
1.00298
1.00264
1.00227
1.00187
1.00146
1.00103
1.00059
1.00014
0.999681
0.999225
0.998772
0.998326
0.997889
0.997464
0.997054
0.996661
0.996286
0.995929
1.00467
1.00457
1.00444
1.00426
1.00404
1.00378
1.00348
1.00315
1.00278
1.00239
1.00198
1.00154
1.00108
1.00062
1.00014
0.999661
0.99918
0.998702
0.99823
0.997769
0.997321
0.996889
0.996474
0.996077
0.9957
1.00492
1.00482
1.00468
1.00449
1.00426
1.00398
1.00367
1.00332
1.00294
1.00252
1.00208
1.00162
1.00114
1.00065
1.00014
0.999637
0.999129
0.998624
0.998127
0.997641
0.997169
0.996713
0.996275
0.995858
0.99546
1.00519
1.00509
1.00494
1.00474
1.00449
1.0042
1.00387
1.0035
1.0031
1.00266
1.00219
1.00171
1.0012
1.00068
1.00014
0.999608
0.999072
0.998539
0.998015
0.997503
0.997006
0.996526
0.996066
0.995626
0.995208
1.00547
1.00537
1.00521
1.005
1.00474
1.00443
1.00408
1.00369
1.00326
1.0028
1.00231
1.00179
1.00125
1.0007
1.00014
0.999573
0.999007
0.998446
0.997894
0.997354
0.996831
0.996327
0.995843
0.995382
0.994943
1.00577
1.00566
1.00549
1.00527
1.005
1.00467
1.0043
1.00389
1.00343
1.00294
1.00242
1.00188
1.00131
1.00072
1.00013
0.999532
0.998935
0.998343
0.997761
0.997194
0.996644
0.996115
0.995608
0.995124
0.994664
1.00608
1.00597
1.00579
1.00556
1.00527
1.00493
1.00453
1.00409
1.00361
1.00309
1.00254
1.00196
1.00136
1.00074
1.00012
0.999484
0.998853
0.998229
0.997617
0.99702
0.996443
0.995888
0.995357
0.994851
0.99437
1.00641
1.00629
1.00611
1.00586
1.00555
1.00519
1.00477
1.00431
1.0038
1.00325
1.00266
1.00205
1.00141
1.00076
1.00009
0.999426
0.998761
0.998104
0.997459
0.996833
0.996227
0.995645
0.99509
0.994562
0.994061
1.00676
1.00663
1.00644
1.00618
1.00585
1.00547
1.00503
1.00453
1.00399
1.0034
1.00278
1.00213
1.00146
1.00077
1.00006
0.999359
0.998657
0.997965
0.997287
0.996629
0.995994
0.995386
0.994806
0.994255
0.993734
1.00712
1.00699
1.00678
1.00651
1.00617
1.00576
1.00529
1.00476
1.00419
1.00357
1.00291
1.00222
1.0015
1.00077
1.00003
0.999281
0.99854
0.997811
0.997098
0.996407
0.995742
0.995107
0.994503
0.99393
0.993389
1.00751
1.00737
1.00715
1.00686
1.00649
1.00606
1.00556
1.005
1.00439
1.00373
1.00303
1.0023
1.00154
1.00076
0.999976
0.999189
0.998408
0.99764
0.99689
0.996166
0.99547
0.994807
0.994178
0.993583
0.993024
1.00791
1.00776
1.00753
1.00722
1.00684
1.00637
1.00584
1.00525
1.0046
1.00389
1.00315
1.00237
1.00157
1.00075
0.999914
0.999082
0.998258
0.997449
0.996662
0.995902
0.995175
0.994484
0.99383
0.993214
0.992636
1.00834
1.00818
1.00794
1.00761
1.00719
1.0067
1.00614
1.0055
1.00481
1.00406
1.00327
1.00244
1.00159
1.00072
0.999838
0.998958
0.998089
0.997237
0.99641
0.995614
0.994855
0.994135
0.993456
0.99282
0.992225
1.00878
1.00862
1.00836
1.00801
1.00757
1.00704
1.00644
1.00576
1.00503
1.00423
1.00339
1.00251
1.0016
1.00068
0.999744
0.998815
0.997897
0.997
0.996132
0.995298
0.994506
0.993757
0.993054
0.992398
0.991788
1.00925
1.00908
1.0088
1.00843
1.00796
1.0074
1.00675
1.00603
1.00525
1.0044
1.0035
1.00257
1.0016
1.00062
0.999631
0.998648
0.99768
0.996735
0.995824
0.994952
0.994125
0.993347
0.992621
0.991946
0.991322
1.00974
1.00956
1.00926
1.00886
1.00836
1.00776
1.00708
1.00631
1.00547
1.00456
1.00361
1.00261
1.00159
1.00054
0.999496
0.998455
0.997433
0.996439
0.995482
0.99457
0.993709
0.992903
0.992153
0.991461
0.990824
1.01025
1.01006
1.00974
1.00932
1.00878
1.00814
1.00741
1.00659
1.00569
1.00472
1.0037
1.00264
1.00155
1.00044
0.999334
0.998233
0.997153
0.996107
0.995103
0.99415
0.993253
0.992419
0.991646
0.990938
0.990292
1.01079
1.01058
1.01025
1.00979
1.00922
1.00853
1.00775
1.00687
1.00591
1.00488
1.00379
1.00266
1.0015
1.00032
0.999141
0.997975
0.996836
0.995734
0.994681
0.993686
0.992754
0.991891
0.991098
0.990376
0.989722
1.01135
1.01113
1.01077
1.01028
1.00967
1.00893
1.00809
1.00715
1.00612
1.00502
1.00386
1.00265
1.00141
1.00016
0.998913
0.997678
0.996475
0.995316
0.994212
0.993172
0.992205
0.991314
0.990502
0.989769
0.989111
1.01194
1.0117
1.01131
1.01079
1.01013
1.00934
1.00844
1.00743
1.00633
1.00515
1.00391
1.00262
1.0013
0.999971
0.998643
0.997336
0.996065
0.994845
0.993688
0.992604
0.991601
0.990683
0.989853
0.989111
0.988452
1.01254
1.01229
1.01188
1.01131
1.01061
1.00976
1.00879
1.00771
1.00653
1.00527
1.00394
1.00256
1.00116
0.999738
0.998327
0.996941
0.995599
0.994315
0.993103
0.991973
0.990934
0.989991
0.989146
0.988398
0.98774
1.01317
1.0129
1.01246
1.01185
1.01109
1.01018
1.00914
1.00798
1.00672
1.00536
1.00394
1.00247
1.00097
0.999455
0.997955
0.996487
0.995069
0.993718
0.992448
0.991272
0.990198
0.98923
0.988371
0.987617
0.986959
1.01382
1.01353
1.01305
1.0124
1.01158
1.01061
1.00949
1.00824
1.00689
1.00543
1.00391
1.00233
1.00073
0.999115
0.99752
0.995963
0.994465
0.993044
0.991714
0.99049
0.98938
0.988387
0.987513
0.98675
0.986085
1.01449
1.01418
1.01366
1.01296
1.01208
1.01103
1.00983
1.00849
1.00703
1.00547
1.00383
1.00214
1.00043
0.99871
0.997012
0.99536
0.993777
0.99228
0.990888
0.989612
0.988462
0.98744
0.986544
0.985759
0.985069
1.01518
1.01484
1.01429
1.01353
1.01258
1.01145
1.01015
1.00871
1.00714
1.00546
1.00371
1.0019
1.00006
0.998225
0.996417
0.994663
0.992987
0.991408
0.989945
0.988611
0.987412
0.986349
0.98541
0.984578
0.983821
1.01588
1.01551
1.01492
1.0141
1.01308
1.01186
1.01046
1.0089
1.00721
1.00541
1.00352
1.00158
0.999611
0.997646
0.995715
0.993848
0.992067
0.990394
0.988847
0.987436
0.986169
0.985039
0.984022
0.983104
0.98225
1.0166
1.0162
1.01556
1.01467
1.01357
1.01225
1.01074
1.00906
1.00723
1.00529
1.00325
1.00117
0.99905
0.99694
0.994869
0.99287
0.990965
0.989174
0.987515
0.985999
0.984631
0.983387
0.982258
0.981214
0.98023
1.01732
1.01689
1.01619
1.01524
1.01404
1.01261
1.01097
1.00915
1.00718
1.00508
1.00288
1.00062
0.998331
0.996047
0.993808
0.991646
0.989581
0.987634
0.985825
0.98416
0.98266
0.981248
0.979955
0.978799
0.977675
1.01805
1.01759
1.01683
1.01579
1.01448
1.01293
1.01114
1.00916
1.00701
1.00472
1.00232
0.999861
0.997362
0.994855
0.992407
0.990037
0.987764
0.985614
0.983606
0.981759
0.980058
0.978504
0.977089
0.975837
0.974673
1.01879
1.01828
1.01745
1.0163
1.01487
1.01316
1.0112
1.00902
1.00665
1.00412
1.00148
0.998768
0.995997
0.993198
0.990491
0.98787
0.985342
0.982948
0.980719
0.978672
0.976836
0.975189
0.973744
0.972541
0.971574
1.01952
1.01895
1.01802
1.01675
1.01515
1.01324
1.01105
1.00862
1.00598
1.00316
1.0002
0.99718
0.994062
0.990935
0.987915
0.985028
0.982239
0.979612
0.977204
0.975046
0.973177
0.971593
0.970326
0.969408
0.968839
1.02019
1.01955
1.0185
1.01706
1.01525
1.0131
1.01064
1.00789
1.00493
1.00175
0.998415
0.995036
0.991604
0.988149
0.984796
0.981634
0.978654
0.975904
0.973454
0.971351
0.969633
0.968316
0.967415
0.966932
0.966838
1.02078
1.02005
1.01886
1.01723
1.01519
1.01276
1.00998
1.0069
1.00359
1.00007
0.996374
0.992621
0.98892
0.985227
0.98165
0.978297
0.975257
0.972545
0.970218
0.968327
0.966897
0.965934
0.965428
0.965339
0.965615
1.02131
1.0205
1.01918
1.01739
1.01513
1.01246
1.00942
1.00606
1.00244
0.998657
0.99472
0.990729
0.986799
0.982965
0.979317
0.975962
0.972956
0.970349
0.968186
0.966501
0.9653
0.964578
0.964301
0.964418
0.964865
1.02176
1.0209
1.01951
1.01762
1.01526
1.01246
1.00928
1.00578
1.00202
0.998095
0.994049
0.989967
0.985957
0.982088
0.978415
0.975051
0.972061
0.969492
0.967381
0.965754
0.964613
0.963945
0.963715
0.963873
0.964355
1.00535
1.00639
1.00553
1.00573
1.00622
1.00655
1.00607
1.00549
1.00493
1.0042
1.00334
1.00246
1.00167
1.00097
1.00029
0.999548
0.998821
0.998258
0.997918
0.99771
0.997661
0.997274
0.995971
0.993711
0.995469
1.00376
1.00501
1.00489
1.0056
1.00608
1.00621
1.00575
1.00527
1.00483
1.00418
1.00333
1.00245
1.00167
1.00099
1.00033
0.999621
0.998916
0.998342
0.997976
0.99776
0.997667
0.997258
0.995864
0.993542
0.995738
1.004
1.00497
1.0053
1.00571
1.00589
1.00589
1.00556
1.0052
1.00477
1.00411
1.00328
1.00244
1.00167
1.001
1.00036
0.999688
0.999015
0.998448
0.998067
0.997849
0.997769
0.997615
0.99714
0.995037
0.996783
1.004
1.00472
1.00514
1.0055
1.0056
1.00557
1.00533
1.00505
1.00464
1.00401
1.00322
1.00242
1.00168
1.00102
1.0004
0.999765
0.999133
0.998582
0.998189
0.997964
0.997899
0.997956
0.998126
0.996924
0.99736
1.00366
1.00462
1.00512
1.0053
1.00528
1.00523
1.00512
1.0049
1.0045
1.00388
1.00314
1.00239
1.00168
1.00103
1.00043
0.99984
0.999254
0.998732
0.998334
0.998107
0.998081
0.998255
0.998671
0.998538
0.997592
1.00392
1.00456
1.00489
1.00498
1.00493
1.00495
1.00493
1.00474
1.00434
1.00374
1.00306
1.00235
1.00168
1.00104
1.00046
0.999912
0.999374
0.998888
0.998496
0.998271
0.998274
0.998377
0.998513
0.998791
0.997813
1.00375
1.00431
1.00459
1.00465
1.00463
1.00469
1.00472
1.00456
1.00416
1.00359
1.00296
1.00231
1.00167
1.00106
1.0005
0.999978
0.999486
0.999042
0.998665
0.998446
0.998437
0.998274
0.99726
0.997365
0.997323
1.00362
1.00408
1.00428
1.00431
1.00434
1.00446
1.00453
1.00437
1.00397
1.00343
1.00286
1.00226
1.00166
1.00107
1.00053
1.00004
0.999589
0.999186
0.998833
0.99862
0.998546
0.997959
0.996212
0.994559
0.995466
1.00342
1.0038
1.00397
1.00401
1.00409
1.00426
1.00433
1.00416
1.00377
1.00327
1.00275
1.00221
1.00164
1.00108
1.00056
1.00009
0.999682
0.999316
0.998992
0.998781
0.998632
0.997691
0.996083
0.993117
0.993883
1.0032
1.00352
1.00366
1.00373
1.00386
1.00405
1.00412
1.00394
1.00356
1.0031
1.00263
1.00215
1.00163
1.00109
1.00059
1.00015
0.999764
0.999432
0.99914
0.998928
0.998741
0.997705
0.996278
0.993423
0.994308
1.00298
1.00324
1.00336
1.00347
1.00365
1.00386
1.00391
1.00372
1.00335
1.00293
1.00251
1.00208
1.0016
1.0011
1.00062
1.0002
0.999838
0.999533
0.999275
0.999073
0.998874
0.99809
0.996725
0.994809
0.995783
1.00275
1.00296
1.00309
1.00323
1.00346
1.00366
1.00369
1.00349
1.00314
1.00276
1.00239
1.002
1.00157
1.00111
1.00066
1.00025
0.999905
0.999623
0.999396
0.999217
0.999053
0.998702
0.997441
0.996216
0.996484
1.00252
1.00269
1.00283
1.00301
1.00326
1.00345
1.00346
1.00326
1.00294
1.00259
1.00226
1.00192
1.00154
1.00111
1.00069
1.0003
0.999968
0.999702
0.9995
0.99935
0.999245
0.999224
0.998313
0.996875
0.995915
1.00228
1.00244
1.00259
1.00281
1.00307
1.00324
1.00324
1.00304
1.00274
1.00242
1.00213
1.00184
1.0015
1.00111
1.00072
1.00034
1.00003
0.999775
0.999588
0.999464
0.999401
0.999517
0.999148
0.997295
0.994849
1.00205
1.0022
1.00237
1.00261
1.00287
1.00303
1.00301
1.00282
1.00254
1.00226
1.00201
1.00175
1.00145
1.00111
1.00074
1.00039
1.00009
0.999844
0.999662
0.999554
0.999509
0.999635
0.999692
0.998233
0.995159
1.00182
1.00197
1.00216
1.00242
1.00268
1.00282
1.00279
1.00261
1.00235
1.0021
1.00188
1.00166
1.0014
1.00109
1.00076
1.00044
1.00015
0.999912
0.999729
0.999629
0.999595
0.999653
0.999782
0.998915
0.996554
1.0016
1.00176
1.00197
1.00224
1.00248
1.00261
1.00258
1.00241
1.00218
1.00195
1.00175
1.00156
1.00134
1.00108
1.00078
1.00048
1.00021
0.99998
0.999794
0.999702
0.999674
0.999582
0.999361
0.99867
0.997136
1.0014
1.00156
1.00179
1.00206
1.00229
1.00241
1.00237
1.00222
1.00201
1.0018
1.00163
1.00147
1.00128
1.00105
1.00079
1.00052
1.00027
1.00005
0.999863
0.999778
0.999673
0.999235
0.998002
0.997039
0.996269
1.00121
1.00138
1.00162
1.00189
1.00211
1.00221
1.00218
1.00203
1.00184
1.00166
1.00151
1.00137
1.00121
1.00102
1.00079
1.00055
1.00032
1.00011
0.999939
0.999854
0.999579
0.998267
0.995822
0.99363
0.993715
1.00103
1.00122
1.00146
1.00172
1.00193
1.00202
1.00199
1.00186
1.00169
1.00153
1.00139
1.00127
1.00114
1.00098
1.00078
1.00057
1.00038
1.00018
1.00002
0.999927
0.999305
0.997337
0.993987
0.990586
0.990506
1.00088
1.00107
1.00132
1.00157
1.00176
1.00184
1.00181
1.0017
1.00154
1.00139
1.00127
1.00117
1.00106
1.00093
1.00077
1.00059
1.00042
1.00024
1.00011
0.99995
0.998891
0.996841
0.993402
0.989501
0.989241
1.00073
1.00094
1.00118
1.00141
1.00159
1.00167
1.00164
1.00154
1.0014
1.00127
1.00116
1.00107
1.00098
1.00088
1.00075
1.0006
1.00045
1.00029
1.00019
0.99998
0.998708
0.996746
0.994126
0.990378
0.990493
1.00061
1.00081
1.00105
1.00127
1.00143
1.00151
1.00148
1.00139
1.00127
1.00114
1.00105
1.00097
1.0009
1.00082
1.00072
1.0006
1.00048
1.00035
1.00026
1.00003
0.998845
0.99749
0.995757
0.992898
0.993068
1.00049
1.0007
1.00092
1.00113
1.00128
1.00135
1.00133
1.00125
1.00114
1.00103
1.00094
1.00087
1.00082
1.00076
1.00068
1.00059
1.00049
1.00039
1.00033
1.00013
0.999177
0.998317
0.997237
0.995295
0.995115
1.00039
1.00059
1.0008
1.001
1.00114
1.0012
1.00118
1.00111
1.00101
1.00091
1.00084
1.00078
1.00074
1.00069
1.00064
1.00057
1.0005
1.00042
1.00039
1.00025
0.999564
0.998786
0.998041
0.996654
0.995823
1.00029
1.00049
1.00069
1.00087
1.001
1.00106
1.00104
1.00098
1.00089
1.00081
1.00074
1.00069
1.00065
1.00062
1.00058
1.00054
1.00049
1.00044
1.00043
1.00037
0.999953
0.999042
0.998106
0.996798
0.995412
1.00021
1.00039
1.00058
1.00075
1.00087
1.00092
1.00091
1.00085
1.00078
1.0007
1.00064
1.0006
1.00057
1.00055
1.00053
1.0005
1.00046
1.00043
1.00044
1.00044
1.00026
0.999257
0.997782
0.995944
0.993522
1.00012
1.0003
1.00047
1.00063
1.00074
1.00079
1.00078
1.00073
1.00067
1.0006
1.00055
1.00051
1.00049
1.00047
1.00046
1.00045
1.00043
1.00042
1.00044
1.00047
1.00042
0.999615
0.99764
0.994938
0.991147
1.00004
1.00021
1.00037
1.00051
1.00061
1.00066
1.00066
1.00062
1.00056
1.0005
1.00046
1.00043
1.00041
1.0004
1.00039
1.00039
1.00038
1.00038
1.0004
1.00045
1.00046
0.999956
0.99791
0.994512
0.989929
0.999966
1.00012
1.00027
1.0004
1.00049
1.00053
1.00053
1.0005
1.00046
1.00041
1.00037
1.00034
1.00033
1.00032
1.00032
1.00032
1.00032
1.00032
1.00034
1.00037
1.00039
1.00012
0.998489
0.995053
0.99059
0.999893
1.00003
1.00017
1.00029
1.00037
1.00041
1.00042
1.00039
1.00036
1.00031
1.00028
1.00026
1.00025
1.00025
1.00025
1.00025
1.00025
1.00025
1.00026
1.00026
1.00022
1.00004
0.998941
0.996325
0.992464
0.99982
0.999949
1.00008
1.00018
1.00026
1.0003
1.0003
1.00029
1.00026
1.00022
1.0002
1.00018
1.00018
1.00018
1.00018
1.00018
1.00018
1.00017
1.00015
1.00012
1.00001
0.999767
0.999002
0.997192
0.994454
0.999749
0.999866
0.99998
1.00008
1.00015
1.00018
1.00019
1.00018
1.00016
1.00014
1.00012
1.00011
1.00011
1.00011
1.00011
1.00012
1.00011
1.00008
1.00003
0.999952
0.999772
0.999424
0.998728
0.997443
0.99566
0.999678
0.999783
0.999885
0.999971
1.00003
1.00007
1.00008
1.00008
1.00006
1.00005
1.00004
1.00003
1.00004
1.00004
1.00005
1.00005
1.00003
0.999992
0.999908
0.999774
0.999512
0.999047
0.998256
0.997143
0.99593
0.999607
0.9997
0.99979
0.999867
0.999925
0.99996
0.999974
0.999975
0.999968
0.999961
0.999958
0.999962
0.999971
0.999982
0.999991
0.999989
0.999967
0.999904
0.999787
0.9996
0.999221
0.998559
0.997538
0.996341
0.99541
0.999535
0.999616
0.999695
0.999764
0.999816
0.99985
0.999867
0.999873
0.999873
0.999874
0.99988
0.999892
0.999908
0.999925
0.999938
0.999937
0.999908
0.999826
0.999686
0.999444
0.99884
0.997738
0.99622
0.994754
0.99394
0.999461
0.999531
0.9996
0.99966
0.999707
0.99974
0.999759
0.99977
0.999778
0.999788
0.999802
0.999823
0.999848
0.999874
0.999893
0.999895
0.999861
0.999765
0.999611
0.999257
0.998158
0.996268
0.993729
0.991646
0.991183
0.999386
0.999445
0.999503
0.999555
0.999598
0.999629
0.999651
0.999667
0.999682
0.9997
0.999724
0.999755
0.999791
0.999827
0.999856
0.999865
0.999829
0.99973
0.999547
0.998892
0.996776
0.993601
0.989951
0.987448
0.987322
0.999309
0.999357
0.999405
0.999449
0.999487
0.999517
0.999541
0.999561
0.999583
0.999611
0.999646
0.999687
0.999736
0.999785
0.999827
0.999847
0.999817
0.999736
0.999481
0.998257
0.994844
0.990467
0.986074
0.983488
0.983929
0.999229
0.999266
0.999305
0.999342
0.999374
0.999403
0.999428
0.999454
0.999483
0.999519
0.999565
0.999619
0.999681
0.999746
0.999807
0.999841
0.999829
0.999783
0.9994
0.997454
0.993282
0.988192
0.983916
0.981712
0.982575
0.999147
0.999173
0.999202
0.999232
0.99926
0.999287
0.999314
0.999343
0.999379
0.999424
0.99948
0.999548
0.999627
0.99971
0.999793
0.999847
0.999867
0.999855
0.999194
0.996539
0.992085
0.98759
0.983923
0.982096
0.983381
0.999062
0.999077
0.999097
0.999119
0.999142
0.999167
0.999195
0.999229
0.999271
0.999325
0.999393
0.999475
0.999571
0.999675
0.999783
0.999863
0.999929
0.999907
0.998973
0.995602
0.991767
0.988559
0.985805
0.984506
0.985816
0.998973
0.998977
0.998988
0.999003
0.999022
0.999044
0.999073
0.99911
0.999158
0.999221
0.9993
0.999396
0.999511
0.999638
0.999775
0.999889
1.00001
0.99997
0.99873
0.995404
0.992565
0.990672
0.988547
0.987603
0.988745
0.998881
0.998874
0.998876
0.998883
0.998897
0.998917
0.998946
0.998986
0.99904
0.99911
0.9992
0.999312
0.999445
0.999598
0.999765
0.999921
1.00009
1.00006
0.998664
0.995733
0.993775
0.99281
0.99114
0.990431
0.991336
0.998785
0.998768
0.998759
0.998759
0.998767
0.998785
0.998813
0.998855
0.998914
0.998992
0.999093
0.999219
0.999372
0.99955
0.999749
0.99995
1.00018
1.00017
0.998765
0.996245
0.995101
0.994599
0.99325
0.992621
0.993209
0.998684
0.998656
0.998639
0.998631
0.998633
0.998647
0.998674
0.998717
0.99878
0.998865
0.998976
0.999116
0.999288
0.999491
0.999723
0.99997
1.00027
1.00028
0.99896
0.996801
0.996241
0.995913
0.99476
0.994061
0.994215
0.99858
0.998541
0.998513
0.998497
0.998493
0.998503
0.998528
0.998572
0.998637
0.998728
0.998849
0.999002
0.999191
0.999419
0.999682
0.999974
1.00033
1.0004
0.999217
0.997351
0.997027
0.996686
0.99556
0.994664
0.994442
0.998471
0.99842
0.998383
0.998358
0.998347
0.998351
0.998374
0.998417
0.998484
0.99858
0.998709
0.998874
0.999079
0.999331
0.999623
0.999956
1.00036
1.0005
0.999496
0.997838
0.99742
0.996952
0.995674
0.994461
0.993955
0.998356
0.998294
0.998245
0.998212
0.998194
0.998193
0.998211
0.998253
0.998321
0.99842
0.998555
0.998731
0.998951
0.999222
0.99954
0.99991
1.00036
1.00058
0.999767
0.998253
0.997622
0.996818
0.995206
0.993564
0.992745
0.998236
0.998162
0.998103
0.998059
0.998032
0.998025
0.998038
0.998077
0.998145
0.998246
0.998385
0.998568
0.998799
0.999086
0.999425
0.999824
1.00031
1.00061
0.999994
0.998564
0.997692
0.996393
0.994271
0.992146
0.990943
0.998112
0.998026
0.997955
0.997901
0.997865
0.997849
0.997857
0.997891
0.997956
0.998056
0.998197
0.998384
0.998623
0.998921
0.999277
0.999698
1.0002
1.00058
1.00015
0.998786
0.99762
0.995834
0.99314
0.990411
0.988717
0.997981
0.997881
0.997798
0.997733
0.997687
0.997663
0.997663
0.997691
0.997752
0.997849
0.997989
0.998178
0.998421
0.998726
0.999093
0.999527
1.00004
1.00048
1.00024
0.999044
0.997545
0.995303
0.992001
0.988539
0.986178
0.997843
0.99773
0.997634
0.997557
0.9975
0.997466
0.997458
0.997479
0.997533
0.997625
0.997762
0.997949
0.998193
0.998501
0.998873
0.999313
0.999831
1.00031
1.00023
0.999255
0.997518
0.994987
0.99116
0.986961
0.983885
0.997699
0.997572
0.997463
0.997373
0.997305
0.99726
0.997241
0.997253
0.997299
0.997384
0.997514
0.997696
0.997936
0.998241
0.998612
0.999052
0.999562
1.00005
1.00012
0.999367
0.997617
0.994863
0.990716
0.985992
0.982187
0.997549
0.997407
0.997284
0.997181
0.997099
0.997042
0.997012
0.997013
0.997048
0.997123
0.997244
0.997417
0.997649
0.997945
0.998309
0.998739
0.999234
0.999724
0.999887
0.999349
0.997748
0.994921
0.990701
0.985675
0.981301
0.997391
0.997234
0.997096
0.996979
0.996884
0.996813
0.99677
0.996758
0.99678
0.996843
0.996951
0.997111
0.997329
0.997612
0.99796
0.998373
0.998846
0.999318
0.999541
0.999178
0.997832
0.995106
0.991034
0.98599
0.981252
0.997225
0.997053
0.9969
0.996767
0.996657
0.996572
0.996514
0.996487
0.996495
0.996541
0.996633
0.996776
0.996976
0.997238
0.997565
0.997953
0.998395
0.998838
0.999084
0.998844
0.997782
0.995327
0.991559
0.986689
0.982043
0.997052
0.996863
0.996694
0.996546
0.99642
0.996319
0.996245
0.996201
0.996191
0.996219
0.996291
0.996412
0.996588
0.996824
0.997121
0.997476
0.99788
0.998282
0.998521
0.99835
0.997519
0.995463
0.992085
0.987579
0.983233
0.996871
0.996665
0.996479
0.996314
0.996172
0.996054
0.995962
0.995899
0.995869
0.995876
0.995924
0.996019
0.996165
0.996368
0.996627
0.996942
0.997299
0.997649
0.997855
0.997703
0.997011
0.995367
0.992448
0.9885
0.98442
0.996681
0.996458
0.996255
0.996073
0.995912
0.995776
0.995665
0.995582
0.995529
0.995511
0.995532
0.995595
0.995706
0.995869
0.996083
0.996347
0.996649
0.996935
0.997082
0.996905
0.996261
0.994923
0.99254
0.989191
0.98548
0.996483
0.996241
0.99602
0.99582
0.995641
0.995485
0.995354
0.995248
0.995171
0.995125
0.995114
0.995142
0.995212
0.995327
0.995487
0.995692
0.995926
0.996132
0.99619
0.995944
0.995274
0.994089
0.992192
0.98943
0.986347
0.996275
0.996015
0.995776
0.995557
0.995359
0.995182
0.995028
0.994899
0.994794
0.994718
0.994672
0.994658
0.994681
0.994741
0.994839
0.994974
0.995126
0.995228
0.995161
0.994789
0.994033
0.992875
0.991312
0.989176
0.986787
0.996057
0.995779
0.995521
0.995282
0.995064
0.994866
0.994689
0.994534
0.9944
0.99429
0.994205
0.994146
0.994115
0.994113
0.99414
0.994192
0.994242
0.994207
0.993961
0.993399
0.992491
0.991277
0.989892
0.988298
0.986603
0.99583
0.995533
0.995255
0.994997
0.994758
0.994538
0.994337
0.994154
0.993989
0.993843
0.993715
0.993607
0.993516
0.993444
0.993389
0.993344
0.993264
0.993043
0.992551
0.991721
0.990592
0.989267
0.987964
0.986765
0.985772
0.995592
0.995276
0.994978
0.9947
0.99444
0.994197
0.993971
0.993759
0.993562
0.993378
0.993204
0.993041
0.992885
0.992736
0.99259
0.992427
0.992175
0.991702
0.990881
0.989703
0.988292
0.986824
0.985565
0.984708
0.984291
0.995344
0.995007
0.99469
0.994392
0.99411
0.993844
0.993592
0.993352
0.99312
0.992895
0.992674
0.992452
0.992226
0.991993
0.991743
0.991432
0.990953
0.990143
0.988905
0.987314
0.985586
0.98397
0.982754
0.982209
0.982349
0.995084
0.994727
0.994391
0.994072
0.993769
0.99348
0.993202
0.992931
0.992665
0.992398
0.992126
0.991842
0.991543
0.991219
0.990846
0.990344
0.989564
0.988327
0.986602
0.984571
0.982537
0.980791
0.979691
0.97942
0.98005
0.994811
0.994435
0.994079
0.99374
0.993416
0.993104
0.9928
0.992499
0.992197
0.991888
0.991564
0.991217
0.990841
0.990418
0.989894
0.98914
0.987968
0.986236
0.983998
0.981564
0.979298
0.977516
0.976515
0.976509
0.977611
0.994526
0.994131
0.993755
0.993397
0.993052
0.992717
0.992387
0.992057
0.99172
0.991368
0.990991
0.990581
0.990125
0.989587
0.988871
0.987794
0.986166
0.98389
0.981186
0.97846
0.976084
0.974346
0.973505
0.973748
0.975218
0.994228
0.993813
0.993419
0.993041
0.992676
0.99232
0.991965
0.991606
0.991235
0.990841
0.990413
0.98994
0.989399
0.988717
0.987754
0.986279
0.984145
0.981374
0.978332
0.975483
0.973139
0.971529
0.97086
0.971313
0.973049
0.993915
0.993482
0.993069
0.992673
0.992289
0.991912
0.991534
0.991148
0.990744
0.990309
0.989833
0.989298
0.98866
0.987792
0.986508
0.984612
0.981966
0.978822
0.975642
0.97286
0.970672
0.969238
0.968728
0.969328
0.971223
0.993586
0.993136
0.992706
0.992293
0.991891
0.991495
0.991095
0.990684
0.990249
0.989778
0.989257
0.988657
0.987894
0.986787
0.98516
0.982764
0.979739
0.976427
0.973325
0.970761
0.968794
0.967537
0.967149
0.967835
0.969798
0.993241
0.992774
0.992328
0.9919
0.991482
0.991068
0.99065
0.990216
0.989754
0.989251
0.988687
0.988009
0.987081
0.985692
0.983683
0.980868
0.977583
0.974351
0.971515
0.969238
0.967502
0.966394
0.966086
0.966812
0.968778
0.992879
0.992395
0.991935
0.991493
0.991061
0.990633
0.990198
0.989746
0.989261
0.98873
0.98812
0.987338
0.986192
0.984529
0.98208
0.979018
0.975693
0.97272
0.97026
0.968274
0.966717
0.965723
0.965467
0.966204
0.96813
0.992497
0.991999
0.991526
0.991072
0.990629
0.990189
0.989742
0.989274
0.988773
0.988216
0.987545
0.986614
0.98526
0.983231
0.980466
0.977274
0.974183
0.971599
0.969514
0.967785
0.966379
0.965442
0.965213
0.96595
0.967808
0.992094
0.991584
0.9911
0.990637
0.990185
0.989737
0.989281
0.988804
0.988289
0.9877
0.986935
0.98584
0.98422
0.98184
0.978883
0.975784
0.973104
0.970963
0.9692
0.967643
0.966328
0.965453
0.965257
0.965991
0.96776
0.99167
0.991148
0.990656
0.990186
0.98973
0.989277
0.988816
0.988334
0.987805
0.987161
0.986268
0.984994
0.983044
0.980424
0.977428
0.974662
0.972464
0.970735
0.969205
0.967755
0.966516
0.965703
0.965545
0.966272
0.96794
0.99122
0.99069
0.990192
0.989719
0.989261
0.988808
0.988348
0.987862
0.987304
0.986568
0.985551
0.984015
0.981774
0.979022
0.976238
0.973943
0.972225
0.970816
0.969431
0.968056
0.966893
0.966148
0.966027
0.966742
0.968295
0.990744
0.990208
0.989708
0.989235
0.988779
0.98833
0.987872
0.987375
0.986759
0.985919
0.984714
0.982872
0.980443
0.977754
0.97538
0.973604
0.972301
0.971104
0.969798
0.968494
0.967417
0.966737
0.966662
0.967351
0.968778
0.990239
0.9897
0.989201
0.988731
0.988282
0.987839
0.98738
0.986847
0.986142
0.985162
0.983681
0.981607
0.979125
0.976727
0.97486
0.973584
0.972593
0.971509
0.970254
0.96903
0.968041
0.967436
0.967396
0.968051
0.969349
0.989703
0.989164
0.988669
0.988207
0.987767
0.987328
0.98685
0.98624
0.985429
0.984227
0.982485
0.980279
0.977956
0.976001
0.974667
0.973805
0.973004
0.971969
0.970764
0.969629
0.968733
0.968199
0.968189
0.968801
0.96997
0.989132
0.988597
0.98811
0.987658
0.987224
0.986774
0.986239
0.985546
0.984549
0.983089
0.981163
0.978998
0.977015
0.975579
0.974735
0.974168
0.973458
0.972442
0.971297
0.97026
0.969455
0.968988
0.969002
0.969567
0.97061
0.988522
0.987995
0.987517
0.987072
0.986632
0.986141
0.985528
0.984682
0.983441
0.98177
0.979791
0.977853
0.976336
0.975428
0.974979
0.974586
0.973898
0.972903
0.97183
0.970894
0.970176
0.969773
0.969805
0.97032
0.971242
0.987869
0.98735
0.986879
0.98643
0.985955
0.985389
0.984646
0.983572
0.98211
0.980322
0.97847
0.976919
0.975927
0.975486
0.97531
0.974989
0.974293
0.973328
0.972347
0.971506
0.97087
0.970527
0.970572
0.971038
0.971848
0.987162
0.986649
0.986172
0.985689
0.985142
0.984461
0.983506
0.982211
0.9806
0.978859
0.977311
0.976251
0.975756
0.975672
0.975647
0.975331
0.974624
0.97371
0.972824
0.972073
0.971516
0.971229
0.971284
0.971702
0.972412
0.986383
0.985862
0.985347
0.98479
0.984136
0.98326
0.98209
0.98063
0.979011
0.977502
0.976396
0.975842
0.975752
0.9759
0.975928
0.975586
0.974882
0.974039
0.973245
0.972582
0.972101
0.971864
0.971929
0.972304
0.972924
0.985496
0.984929
0.984336
0.98367
0.982834
0.981756
0.980419
0.97892
0.977481
0.976365
0.975755
0.975643
0.975836
0.9761
0.976118
0.975746
0.975067
0.974304
0.9736
0.973021
0.972611
0.972422
0.972498
0.972837
0.973377
0.984423
0.983776
0.983066
0.982222
0.981203
0.979969
0.978584
0.977235
0.976153
0.975512
0.975369
0.975575
0.975932
0.976223
0.976201
0.97581
0.97518
0.9745
0.973881
0.973382
0.97304
0.972897
0.972987
0.973296
0.973769
0.983089
0.982314
0.981424
0.980414
0.979265
0.977993
0.976752
0.975745
0.975125
0.974959
0.975171
0.975557
0.975989
0.976245
0.976179
0.975789
0.975221
0.974622
0.974086
0.973663
0.973385
0.973288
0.973388
0.973674
0.974101
0.98138
0.98042
0.979388
0.978286
0.97713
0.976019
0.975124
0.974579
0.974432
0.974645
0.975064
0.97554
0.975962
0.976163
0.976063
0.975696
0.975193
0.974673
0.974214
0.97386
0.973641
0.973588
0.973702
0.973973
0.974366
0.979179
0.978096
0.977025
0.97597
0.975013
0.974273
0.973852
0.973782
0.974023
0.974473
0.974983
0.975474
0.975848
0.975996
0.975877
0.975544
0.975106
0.974659
0.974268
0.973977
0.973811
0.973797
0.973926
0.974193
0.974561
0.976526
0.975466
0.974519
0.973731
0.973182
0.972933
0.972992
0.973311
0.97381
0.974358
0.974887
0.975348
0.975663
0.975768
0.975644
0.975349
0.974971
0.974589
0.974259
0.97402
0.9739
0.973918
0.974062
0.97433
0.974683
0.973637
0.972797
0.972192
0.971858
0.971816
0.972048
0.972487
0.973066
0.973673
0.974247
0.974757
0.97517
0.975434
0.975508
0.975389
0.975131
0.974807
0.97448
0.974199
0.974002
0.973916
0.973958
0.974115
0.974386
0.974732
0.970866
0.970451
0.970341
0.97052
0.970943
0.971535
0.972215
0.972906
0.973548
0.974114
0.974595
0.974964
0.97519
0.975245
0.975137
0.974913
0.974634
0.974351
0.974107
0.973939
0.973876
0.973932
0.974096
0.97437
0.974715
0.968612
0.96871
0.969094
0.969698
0.970439
0.971237
0.972026
0.972758
0.973404
0.97396
0.974415
0.974756
0.974958
0.975005
0.97491
0.974714
0.974469
0.974218
0.974001
0.97385
0.973798
0.97386
0.974025
0.974299
0.974646
0.967089
0.967619
0.968354
0.969212
0.970117
0.971006
0.971837
0.972587
0.973241
0.973794
0.974241
0.974569
0.97476
0.974806
0.974723
0.974549
0.974326
0.974096
0.973893
0.973753
0.973704
0.973766
0.973927
0.974201
0.97455
0.966183
0.966962
0.967873
0.968847
0.969821
0.970753
0.971617
0.972393
0.973068
0.973636
0.974092
0.974422
0.974613
0.974663
0.974589
0.974425
0.974211
0.973988
0.97379
0.973651
0.973602
0.973664
0.973824
0.974103
0.97446
0.965565
0.966442
0.967428
0.968458
0.969481
0.97046
0.971371
0.972189
0.972903
0.973504
0.973984
0.974331
0.974531
0.974584
0.974509
0.974339
0.974117
0.973885
0.973681
0.973538
0.973488
0.973556
0.973725
0.974022
0.974401
0.965088
0.966003
0.96703
0.968102
0.969173
0.970204
0.971162
0.972023
0.972778
0.973416
0.973926
0.974294
0.974505
0.974558
0.974473
0.974287
0.974047
0.973797
0.973579
0.97343
0.973381
0.973459
0.973646
0.973969
0.97438
0.999227
1.00085
1.00151
1.00154
1.00142
1.00125
1.001
1.00056
0.999915
0.999125
0.998322
0.997572
0.996831
0.996055
0.995315
0.994722
0.99429
0.993969
0.99363
0.993468
0.994165
0.995155
0.995882
0.995199
0.995286
0.999347
1.00121
1.00115
1.00154
1.00144
1.0012
1.00094
1.00048
0.99983
0.999072
0.998312
0.997589
0.996858
0.996083
0.995321
0.994706
0.994326
0.994122
0.993883
0.993659
0.994123
0.994975
0.995913
0.99591
0.996636
0.998361
0.999045
0.999519
1.00114
1.00132
1.0011
1.00083
1.00038
0.999743
0.999024
0.998303
0.997602
0.996882
0.996125
0.995376
0.994749
0.994358
0.994181
0.994018
0.9939
0.99417
0.994664
0.995169
0.995496
0.996658
0.996757
0.996573
0.998864
1.00066
1.00112
1.00096
1.0007
1.00025
0.999641
0.99897
0.998295
0.997618
0.996913
0.996179
0.995456
0.994838
0.994446
0.994286
0.994202
0.994188
0.994379
0.994746
0.995176
0.995536
0.996193
0.995768
0.995421
0.998473
1.00021
1.0009
1.0008
1.00055
1.00011
0.999537
0.998919
0.998287
0.997633
0.996943
0.996236
0.995551
0.994955
0.994551
0.994383
0.994367
0.994469
0.994615
0.994814
0.995085
0.995578
0.99649
0.996441
0.995572
0.998176
1.00006
1.0007
1.00064
1.00038
0.999958
0.999436
0.998872
0.998282
0.997648
0.996975
0.996296
0.995655
0.995094
0.994687
0.994498
0.994511
0.994666
0.994854
0.994999
0.995215
0.995583
0.996113
0.997071
0.996502
0.998824
1.00018
1.00053
1.00048
1.00022
0.999819
0.999345
0.998832
0.998276
0.997662
0.997006
0.99636
0.995765
0.995245
0.994847
0.994642
0.994658
0.994842
0.995072
0.995225
0.995428
0.995795
0.996316
0.997188
0.997873
0.999751
1.00037
1.0004
1.00032
1.00006
0.999692
0.999267
0.998798
0.998271
0.997674
0.997039
0.996427
0.995879
0.995401
0.995017
0.994796
0.994804
0.995011
0.995259
0.995435
0.995618
0.995913
0.996359
0.996713
0.998966
1.00047
1.00041
1.00029
1.00017
0.999917
0.999584
0.999202
0.99877
0.998265
0.997685
0.997073
0.996497
0.995995
0.99556
0.995198
0.994971
0.99496
0.995164
0.995441
0.995658
0.995845
0.996115
0.996524
0.997243
0.999761
1.0006
1.00034
1.00022
1.00004
0.999793
0.999496
0.999149
0.998744
0.998258
0.997695
0.99711
0.996571
0.996113
0.995719
0.995381
0.995152
0.995122
0.995313
0.995608
0.995864
0.996059
0.996304
0.996679
0.997876
0.999534
1.00006
1.00018
1.00015
0.999929
0.999688
0.999425
0.999106
0.99872
0.998248
0.997705
0.997149
0.996649
0.996232
0.995877
0.995564
0.995339
0.995292
0.995464
0.995769
0.996057
0.996276
0.996506
0.996843
0.996979
0.997766
0.998468
0.999751
1
0.99984
0.999602
0.999368
0.999069
0.998696
0.998237
0.997715
0.997192
0.996731
0.996353
0.996031
0.995744
0.995526
0.995466
0.995617
0.995921
0.996238
0.996487
0.996714
0.997015
0.994594
0.994683
0.996679
0.999108
0.999845
0.999772
0.999534
0.999321
0.999036
0.998672
0.998225
0.997727
0.997239
0.996816
0.996474
0.996184
0.995921
0.995712
0.995642
0.995772
0.996067
0.996405
0.996687
0.996921
0.997191
0.992234
0.992716
0.996198
0.998572
0.999669
0.999699
0.99948
0.999279
0.999005
0.998646
0.998214
0.997742
0.997289
0.996904
0.996595
0.996333
0.996092
0.995895
0.995818
0.995928
0.996209
0.996559
0.996871
0.997119
0.997371
0.992144
0.992582
0.996376
0.998162
0.99944
0.999625
0.999438
0.999242
0.998974
0.998621
0.998204
0.99776
0.997343
0.996994
0.996715
0.996479
0.996258
0.996072
0.995992
0.996083
0.996347
0.996701
0.997037
0.997305
0.99755
0.994081
0.994165
0.996712
0.998056
0.999309
0.999574
0.999408
0.999209
0.998943
0.998596
0.998197
0.997782
0.997401
0.997086
0.996835
0.99662
0.996417
0.996243
0.996162
0.996238
0.996483
0.996833
0.997184
0.997474
0.99772
0.995824
0.996031
0.997603
0.998493
0.999376
0.999538
0.999388
0.999179
0.998911
0.998572
0.998193
0.99781
0.997463
0.997179
0.996952
0.996756
0.99657
0.996408
0.996327
0.996392
0.996618
0.996957
0.997316
0.997624
0.997878
0.996226
0.99699
0.998185
0.999072
0.999542
0.999522
0.999369
0.999149
0.998879
0.99855
0.998194
0.997841
0.997528
0.997272
0.997067
0.996888
0.996716
0.996566
0.996487
0.996541
0.996749
0.997074
0.997435
0.997757
0.998021
0.995291
0.996966
0.99846
0.999555
0.999675
0.999519
0.999346
0.999118
0.998847
0.998532
0.9982
0.997878
0.997595
0.997364
0.997178
0.997014
0.996856
0.996716
0.996641
0.996686
0.996876
0.997185
0.997542
0.997874
0.998148
0.993738
0.996706
0.998802
0.999837
0.999716
0.999509
0.999318
0.999084
0.998817
0.998518
0.998211
0.997919
0.997663
0.997455
0.997285
0.997134
0.996988
0.996859
0.996788
0.996826
0.996999
0.997291
0.997641
0.997977
0.998261
0.993252
0.996787
0.999228
0.999916
0.999676
0.999481
0.999282
0.999048
0.99879
0.99851
0.998228
0.997963
0.997733
0.997544
0.997389
0.997249
0.997113
0.996993
0.996927
0.99696
0.997118
0.997392
0.997731
0.998068
0.998361
0.993988
0.997439
0.999506
0.999814
0.999591
0.999432
0.999238
0.999013
0.998767
0.998508
0.99825
0.99801
0.997802
0.997631
0.997487
0.997357
0.997231
0.99712
0.997058
0.997088
0.997233
0.997489
0.997814
0.998148
0.998447
0.995529
0.998205
0.999464
0.9996
0.999494
0.999368
0.999189
0.99898
0.998751
0.998513
0.998278
0.99806
0.997871
0.997714
0.997581
0.997459
0.997341
0.997239
0.997182
0.997208
0.997342
0.99758
0.997891
0.998219
0.998522
0.996573
0.998264
0.999137
0.999376
0.999422
0.999307
0.999142
0.998953
0.998743
0.998525
0.99831
0.998112
0.997939
0.997793
0.997668
0.997554
0.997444
0.997349
0.997297
0.997321
0.997445
0.997667
0.997962
0.998283
0.998587
0.996316
0.997437
0.998391
0.99908
0.999374
0.99927
0.999104
0.998934
0.998746
0.998544
0.998347
0.998164
0.998004
0.997868
0.99775
0.997641
0.997539
0.997452
0.997405
0.997428
0.997542
0.997749
0.998028
0.998339
0.998642
0.994737
0.995021
0.996699
0.998305
0.999156
0.999239
0.999083
0.998925
0.998759
0.998571
0.998387
0.998217
0.998066
0.997938
0.997826
0.997722
0.997626
0.997546
0.997504
0.997526
0.997632
0.997825
0.998089
0.998389
0.99869
0.991304
0.991244
0.99379
0.996464
0.998602
0.99917
0.999093
0.998933
0.998781
0.998604
0.99843
0.998268
0.998125
0.998003
0.997895
0.997796
0.997705
0.997632
0.997595
0.997617
0.997717
0.997897
0.998146
0.998435
0.99873
0.987679
0.987622
0.990777
0.99463
0.997766
0.999102
0.999139
0.99896
0.998812
0.998644
0.998475
0.998318
0.998181
0.998062
0.997957
0.997863
0.997777
0.997709
0.997677
0.9977
0.997795
0.997964
0.998199
0.998476
0.998765
0.986093
0.986012
0.989371
0.993719
0.996983
0.998922
0.999194
0.999003
0.998848
0.998687
0.998518
0.998366
0.998231
0.998115
0.998013
0.997921
0.997841
0.997779
0.997751
0.997775
0.997865
0.998026
0.998248
0.998513
0.998794
0.98685
0.986427
0.990083
0.993601
0.996311
0.998626
0.999238
0.999063
0.99889
0.998732
0.998561
0.99841
0.998277
0.998162
0.998061
0.997973
0.997896
0.99784
0.997817
0.997842
0.997929
0.998081
0.998292
0.998545
0.998818
0.989451
0.989059
0.991871
0.994759
0.996296
0.998416
0.999272
0.999137
0.998937
0.998775
0.998601
0.998449
0.998316
0.998201
0.998102
0.998016
0.997944
0.997892
0.997874
0.997901
0.997985
0.998131
0.998332
0.998574
0.998838
0.992257
0.991943
0.993964
0.99616
0.996796
0.99845
0.999316
0.999212
0.998986
0.998815
0.998637
0.998482
0.998348
0.998233
0.998134
0.998051
0.997982
0.997936
0.997922
0.997952
0.998035
0.998174
0.998366
0.998598
0.998854
0.99425
0.994213
0.995687
0.997208
0.997382
0.998663
0.99939
0.999278
0.999033
0.998848
0.998665
0.998507
0.998372
0.998257
0.998159
0.998078
0.998013
0.997972
0.997962
0.997994
0.998076
0.998211
0.998395
0.998618
0.998866
0.995177
0.995598
0.996791
0.997783
0.997904
0.99894
0.999484
0.999332
0.999072
0.998873
0.998686
0.998524
0.998388
0.998272
0.998175
0.998096
0.998035
0.997999
0.997994
0.998028
0.99811
0.998241
0.998419
0.998634
0.998874
0.99515
0.995958
0.997133
0.997915
0.998281
0.999218
0.999576
0.99937
0.999098
0.998888
0.998696
0.998532
0.998394
0.998278
0.998182
0.998106
0.998049
0.998017
0.998017
0.998054
0.998136
0.998264
0.998436
0.998645
0.998877
0.994163
0.995369
0.996754
0.997738
0.998549
0.999461
0.999643
0.999387
0.999109
0.99889
0.998694
0.998529
0.99839
0.998275
0.99818
0.998107
0.998054
0.998028
0.998032
0.998072
0.998155
0.998281
0.998448
0.99865
0.998877
0.992201
0.993989
0.995914
0.997548
0.998823
0.999642
0.999669
0.99938
0.999102
0.998878
0.99868
0.998514
0.998375
0.998262
0.998169
0.9981
0.998052
0.99803
0.998038
0.998082
0.998166
0.998291
0.998454
0.998651
0.998872
0.989349
0.992257
0.995127
0.997526
0.999125
0.999742
0.99965
0.999347
0.999075
0.998849
0.998651
0.998486
0.99835
0.998238
0.998149
0.998084
0.99804
0.998024
0.998037
0.998085
0.99817
0.998294
0.998454
0.998646
0.998862
0.98699
0.991084
0.994827
0.997746
0.999365
0.999747
0.999584
0.999288
0.999027
0.998802
0.998608
0.998446
0.998313
0.998205
0.99812
0.998059
0.998021
0.99801
0.998028
0.998079
0.998167
0.99829
0.998448
0.998637
0.998848
0.986221
0.990909
0.995101
0.998129
0.999485
0.999666
0.999478
0.999202
0.998955
0.998737
0.99855
0.998393
0.998264
0.998161
0.998082
0.998026
0.997994
0.997988
0.998011
0.998066
0.998156
0.99828
0.998437
0.998622
0.99883
0.987152
0.991751
0.995872
0.998488
0.999455
0.999516
0.999335
0.999089
0.998861
0.998654
0.998475
0.998326
0.998204
0.998107
0.998034
0.997984
0.997958
0.997958
0.997987
0.998046
0.998138
0.998263
0.998419
0.998602
0.998807
0.989191
0.993274
0.99671
0.998666
0.999292
0.999314
0.999163
0.998951
0.998742
0.998551
0.998385
0.998246
0.998132
0.998043
0.997977
0.997934
0.997915
0.997921
0.997955
0.998019
0.998113
0.998239
0.998395
0.998577
0.99878
0.991458
0.994707
0.997282
0.998614
0.999038
0.999075
0.998961
0.998785
0.998601
0.998429
0.998279
0.998152
0.998049
0.997969
0.997911
0.997876
0.997864
0.997876
0.997916
0.997984
0.998082
0.998209
0.998365
0.998546
0.998748
0.993337
0.995695
0.997476
0.998384
0.998734
0.998804
0.99873
0.998592
0.998437
0.998288
0.998157
0.998046
0.997956
0.997886
0.997837
0.99781
0.997805
0.997824
0.997869
0.997942
0.998044
0.998173
0.99833
0.99851
0.998711
0.994546
0.996134
0.997353
0.998055
0.998394
0.998499
0.998469
0.998372
0.998251
0.99813
0.998021
0.997927
0.997851
0.997793
0.997754
0.997736
0.997739
0.997765
0.997816
0.997894
0.997998
0.99813
0.998288
0.998469
0.99867
0.995004
0.996112
0.997038
0.997669
0.998017
0.998158
0.998175
0.998125
0.998044
0.997955
0.997871
0.997797
0.997737
0.997692
0.997664
0.997654
0.997665
0.997698
0.997755
0.997838
0.997947
0.998081
0.998241
0.998423
0.998624
0.99489
0.995734
0.996573
0.997212
0.997591
0.997777
0.997847
0.99785
0.997815
0.997763
0.997707
0.997656
0.997613
0.997582
0.997566
0.997566
0.997584
0.997624
0.997688
0.997775
0.997888
0.998026
0.998187
0.998371
0.998573
0.99426
0.995002
0.995879
0.996626
0.997099
0.997355
0.997487
0.997548
0.997566
0.997556
0.997532
0.997505
0.997481
0.997465
0.99746
0.99747
0.997497
0.997544
0.997613
0.997706
0.997823
0.997964
0.998128
0.998313
0.998517
0.992968
0.993775
0.994836
0.995804
0.996493
0.996881
0.997096
0.997221
0.997297
0.997334
0.997345
0.997344
0.99734
0.997339
0.997347
0.997367
0.997402
0.997457
0.997532
0.997629
0.99775
0.997895
0.998062
0.99825
0.998457
0.990941
0.991883
0.993284
0.994646
0.995708
0.996349
0.996696
0.996893
0.997023
0.997109
0.997157
0.997182
0.997197
0.997211
0.99723
0.997259
0.997303
0.997364
0.997445
0.997548
0.997673
0.997822
0.997992
0.998183
0.998393
0.988387
0.98929
0.991079
0.993033
0.994621
0.995671
0.996252
0.996554
0.996739
0.996874
0.996962
0.997013
0.997048
0.997076
0.997106
0.997144
0.997194
0.997262
0.997348
0.997456
0.997586
0.997739
0.997913
0.998108
0.998321
0.985466
0.986303
0.988317
0.990899
0.993195
0.99478
0.995738
0.996215
0.996463
0.996641
0.996768
0.996847
0.996899
0.996941
0.996981
0.997026
0.997083
0.997156
0.997248
0.99736
0.997495
0.997651
0.997829
0.998028
0.998245
0.982615
0.983236
0.985379
0.98838
0.991332
0.993687
0.99509
0.995853
0.996197
0.996409
0.996572
0.996679
0.996747
0.996801
0.99685
0.996902
0.996966
0.997044
0.997141
0.997258
0.997397
0.997558
0.99774
0.997943
0.998165
0.980335
0.980568
0.982585
0.985766
0.989248
0.992261
0.994336
0.995435
0.995944
0.99619
0.99638
0.996512
0.996596
0.996659
0.996715
0.996774
0.996842
0.996925
0.997026
0.997147
0.997291
0.997457
0.997644
0.997852
0.998078
0.978828
0.978563
0.980288
0.98343
0.987208
0.99056
0.993424
0.994968
0.995695
0.995996
0.996198
0.996351
0.996446
0.996516
0.996578
0.99664
0.996712
0.996799
0.996904
0.99703
0.997178
0.997348
0.997541
0.997754
0.997986
0.978234
0.977408
0.978699
0.981602
0.985334
0.989057
0.992317
0.994474
0.99543
0.995828
0.996032
0.996195
0.996299
0.996374
0.996437
0.996502
0.996577
0.996666
0.996775
0.996905
0.997057
0.997232
0.99743
0.997649
0.997888
0.978548
0.977177
0.977914
0.9804
0.983929
0.987878
0.991281
0.993947
0.995175
0.995682
0.99589
0.996049
0.996157
0.996231
0.996295
0.99636
0.996436
0.996527
0.996639
0.996772
0.996929
0.997109
0.997312
0.997538
0.997783
0.979694
0.977837
0.977971
0.979903
0.983068
0.98682
0.990444
0.993363
0.994916
0.995546
0.995774
0.995916
0.996019
0.996089
0.996149
0.996213
0.996288
0.996381
0.996494
0.996631
0.996792
0.996978
0.997187
0.997419
0.997672
0.98125
0.979219
0.978832
0.980115
0.982788
0.986156
0.989693
0.992744
0.994653
0.99542
0.995678
0.995797
0.995885
0.995947
0.996001
0.99606
0.996133
0.996226
0.996342
0.996482
0.996647
0.996838
0.997053
0.997292
0.997553
0.982754
0.980949
0.980289
0.980958
0.983026
0.985937
0.989118
0.992081
0.994376
0.995294
0.995594
0.995694
0.995757
0.995805
0.995849
0.995902
0.995972
0.996063
0.99618
0.996323
0.996493
0.996689
0.996911
0.997157
0.997426
0.983911
0.982585
0.982019
0.982301
0.983724
0.98612
0.988873
0.991629
0.994002
0.995169
0.995516
0.995604
0.995633
0.995661
0.995692
0.995736
0.995801
0.995892
0.996009
0.996155
0.996329
0.99653
0.996759
0.997013
0.997291
0.984667
0.983854
0.983684
0.983865
0.984753
0.986618
0.988943
0.991355
0.993607
0.99505
0.995444
0.99552
0.995514
0.995513
0.995528
0.995562
0.995622
0.99571
0.995828
0.995976
0.996154
0.996362
0.996598
0.99686
0.997148
0.98508
0.984624
0.984982
0.985362
0.985946
0.987328
0.98922
0.991242
0.993314
0.994866
0.995374
0.995432
0.995394
0.99536
0.995356
0.995379
0.995431
0.995517
0.995635
0.995786
0.995969
0.996183
0.996426
0.996698
0.996995
0.985003
0.984959
0.985799
0.986578
0.987138
0.988131
0.989632
0.991281
0.993064
0.994631
0.995286
0.995333
0.995269
0.995201
0.995174
0.995184
0.995229
0.995311
0.99543
0.995584
0.995772
0.995992
0.996244
0.996524
0.996833
0.984324
0.984904
0.986163
0.987399
0.988124
0.988912
0.990086
0.991406
0.992869
0.994346
0.995146
0.995227
0.995131
0.995031
0.994979
0.994975
0.995014
0.995093
0.995212
0.995369
0.995562
0.99579
0.996049
0.99634
0.996659
0.983121
0.984356
0.986097
0.9878
0.98882
0.989561
0.990506
0.991555
0.99271
0.994034
0.994927
0.995089
0.994974
0.994846
0.99477
0.994752
0.994783
0.99486
0.99498
0.99514
0.995339
0.995574
0.995843
0.996144
0.996475
0.981514
0.983414
0.985653
0.987804
0.989192
0.99001
0.990821
0.991667
0.99256
0.993704
0.994627
0.994903
0.994791
0.994642
0.994544
0.994511
0.994536
0.994611
0.994733
0.994897
0.995102
0.995345
0.995623
0.995935
0.996278
0.979649
0.982166
0.984902
0.987467
0.989221
0.990193
0.990975
0.991681
0.992359
0.993318
0.994251
0.994647
0.994572
0.994413
0.994297
0.994251
0.994271
0.994345
0.994469
0.994638
0.99485
0.995101
0.995389
0.995712
0.996069
0.977724
0.980748
0.983926
0.986856
0.98894
0.990111
0.990939
0.991567
0.992086
0.992863
0.99378
0.994296
0.994307
0.994153
0.994027
0.993971
0.993986
0.994061
0.994188
0.994363
0.994582
0.994842
0.995141
0.995476
0.995845
0.975883
0.979289
0.982816
0.986043
0.988397
0.989778
0.990683
0.991297
0.991711
0.992328
0.993199
0.993835
0.993976
0.993856
0.993729
0.993667
0.99368
0.993757
0.993888
0.99407
0.994297
0.994567
0.994876
0.995224
0.995607
0.974249
0.977896
0.981658
0.985091
0.987652
0.989214
0.990205
0.990857
0.991221
0.991722
0.992522
0.993256
0.993555
0.993509
0.9934
0.993339
0.993351
0.993432
0.99357
0.993759
0.993995
0.994274
0.994595
0.994955
0.995353
0.972896
0.976647
0.980525
0.984064
0.986759
0.988457
0.989561
0.990243
0.990593
0.991012
0.991751
0.992556
0.993024
0.993097
0.993032
0.992984
0.993
0.993086
0.993231
0.993428
0.993674
0.993964
0.994297
0.99467
0.995082
0.97185
0.97559
0.979472
0.983021
0.985768
0.987552
0.988737
0.989462
0.989823
0.990195
0.990874
0.99173
0.992369
0.992611
0.992618
0.992598
0.992624
0.992717
0.992871
0.993078
0.993334
0.993635
0.99398
0.994367
0.994794
0.971106
0.974744
0.978534
0.982007
0.984728
0.986543
0.987771
0.988533
0.988917
0.989266
0.989896
0.990782
0.991581
0.992019
0.992145
0.992175
0.992223
0.992326
0.99249
0.992708
0.992974
0.993287
0.993644
0.994044
0.994486
0.970637
0.974111
0.977745
0.981047
0.983672
0.985469
0.986701
0.987482
0.987891
0.988232
0.988821
0.989717
0.990654
0.991305
0.991593
0.991708
0.991792
0.991912
0.992087
0.992316
0.992594
0.992918
0.993287
0.993701
0.994158
0.970399
0.973683
0.977099
0.98016
0.982632
0.984367
0.98557
0.986347
0.986769
0.987109
0.987663
0.988549
0.98959
0.99045
0.990951
0.991182
0.991327
0.991473
0.991663
0.991903
0.992192
0.992528
0.992909
0.993336
0.993808
0.970398
0.973398
0.976545
0.979346
0.981639
0.983275
0.984418
0.985162
0.985583
0.985919
0.986441
0.987297
0.9884
0.989449
0.990181
0.990577
0.990816
0.991006
0.991216
0.991469
0.991769
0.992116
0.992509
0.992948
0.993434
0.970548
0.973269
0.97608
0.978627
0.980719
0.982224
0.983281
0.983968
0.984371
0.984694
0.985179
0.985987
0.987106
0.988299
0.98927
0.989886
0.990245
0.990504
0.990744
0.991013
0.991324
0.991681
0.992085
0.992536
0.993036
0.970819
0.973257
0.975717
0.978014
0.979888
0.981241
0.98219
0.982803
0.98317
0.983469
0.98391
0.984653
0.985742
0.987025
0.988205
0.989058
0.989589
0.989953
0.990243
0.990533
0.990856
0.991223
0.991636
0.992098
0.992611
0.971178
0.973334
0.975472
0.977513
0.979156
0.980345
0.981174
0.9817
0.982018
0.98228
0.98267
0.983332
0.984349
0.98565
0.986981
0.988081
0.988842
0.989331
0.989699
0.990026
0.990365
0.990741
0.991162
0.991633
0.992157
0.971591
0.973477
0.975344
0.977118
0.978526
0.979549
0.980252
0.980687
0.980944
0.981161
0.981493
0.982065
0.982974
0.984222
0.985636
0.986946
0.987939
0.98861
0.989092
0.989481
0.989845
0.990232
0.990661
0.991139
0.991673
0.972032
0.973667
0.975296
0.976805
0.977995
0.978859
0.979438
0.979781
0.979973
0.98014
0.98041
0.980888
0.981667
0.9828
0.984205
0.985644
0.986865
0.987767
0.98839
0.988878
0.989288
0.989693
0.99013
0.990614
0.991155
0.97248
0.973886
0.975287
0.976558
0.977558
0.978275
0.978738
0.978993
0.979121
0.979235
0.979444
0.97983
0.98047
0.981443
0.982747
0.984223
0.985616
0.986753
0.98759
0.988184
0.988672
0.989113
0.989564
0.990055
0.990602
0.972919
0.974121
0.97531
0.976375
0.977208
0.977793
0.978152
0.978327
0.978393
0.978456
0.978607
0.97891
0.979418
0.980208
0.981338
0.982743
0.984222
0.985559
0.986607
0.987372
0.987965
0.988472
0.988952
0.989454
0.990007
0.973334
0.974358
0.975363
0.97625
0.976938
0.977407
0.977674
0.977779
0.97779
0.977804
0.977903
0.978135
0.978528
0.979139
0.98005
0.981284
0.98273
0.984174
0.985418
0.986391
0.987126
0.987731
0.988272
0.988799
0.989362
0.973718
0.974589
0.975436
0.976173
0.976736
0.977106
0.977296
0.977342
0.977305
0.977275
0.977327
0.9775
0.977801
0.978256
0.978941
0.979934
0.981219
0.982653
0.984023
0.985186
0.986113
0.986843
0.987477
0.988064
0.98865
0.974063
0.974806
0.975521
0.976134
0.976592
0.976879
0.977006
0.977004
0.976928
0.976859
0.976868
0.976992
0.977224
0.977558
0.978042
0.978767
0.979797
0.981081
0.982462
0.983753
0.984852
0.985762
0.986513
0.987192
0.987841
0.974366
0.975004
0.97561
0.976121
0.976494
0.976716
0.976793
0.976753
0.976645
0.976543
0.976513
0.976594
0.976774
0.977025
0.977352
0.977831
0.978559
0.979578
0.980818
0.982125
0.98334
0.984403
0.98533
0.986125
0.986866
0.974625
0.975178
0.975696
0.976127
0.976434
0.976603
0.976643
0.976575
0.976444
0.976313
0.976249
0.976289
0.976427
0.976622
0.976845
0.977129
0.97757
0.978261
0.979227
0.980392
0.981614
0.982766
0.983831
0.984807
0.985658
0.974834
0.975321
0.975773
0.976143
0.976399
0.976531
0.976543
0.976456
0.976309
0.976156
0.97606
0.976061
0.97616
0.976315
0.976475
0.97663
0.97684
0.97721
0.977826
0.978703
0.97977
0.980901
0.982021
0.983119
0.98415
0.974989
0.97543
0.975834
0.97616
0.976382
0.976488
0.976483
0.976385
0.976227
0.976058
0.975935
0.975898
0.975956
0.976075
0.976196
0.976278
0.976334
0.976444
0.976713
0.977219
0.977973
0.978919
0.979977
0.981087
0.982227
0.975087
0.975498
0.975871
0.976171
0.976372
0.976465
0.976453
0.97635
0.976187
0.976007
0.975861
0.975788
0.975803
0.975883
0.975971
0.976013
0.975985
0.975923
0.975913
0.976053
0.976417
0.977025
0.977848
0.978831
0.979937
0.975124
0.975521
0.97588
0.976169
0.976364
0.976455
0.976443
0.976342
0.976179
0.975993
0.975827
0.975721
0.975692
0.975725
0.975777
0.97579
0.975722
0.975568
0.975379
0.975233
0.975224
0.975425
0.975873
0.976564
0.977473
0.975104
0.975499
0.975859
0.97615
0.976351
0.97645
0.976447
0.976354
0.976195
0.976005
0.975823
0.975687
0.975613
0.975596
0.975602
0.975581
0.975488
0.975296
0.975015
0.974694
0.974407
0.974241
0.974274
0.974557
0.975111
0.975039
0.975441
0.975812
0.976118
0.976336
0.97645
0.976462
0.97638
0.976228
0.976036
0.975841
0.975677
0.975561
0.975491
0.975444
0.97538
0.975257
0.975043
0.974726
0.974322
0.973876
0.973459
0.973149
0.973029
0.973161
0.974951
0.975367
0.975756
0.976084
0.976324
0.97646
0.976489
0.976421
0.976275
0.976082
0.975874
0.975683
0.975526
0.975405
0.975303
0.975188
0.975026
0.974785
0.974449
0.974014
0.973498
0.97295
0.972433
0.972022
0.971797
0.974874
0.975308
0.97572
0.976073
0.976338
0.976495
0.976541
0.976483
0.97634
0.976141
0.975918
0.975699
0.975503
0.975334
0.975178
0.975012
0.974804
0.974526
0.974161
0.973703
0.973159
0.972556
0.971944
0.971383
0.970946
0.97484
0.975301
0.975741
0.976121
0.976408
0.976583
0.97664
0.976584
0.976435
0.97622
0.975974
0.975723
0.975489
0.975276
0.975073
0.974858
0.974603
0.974282
0.973877
0.973382
0.972806
0.972168
0.971509
0.970886
0.970362
0.974852
0.975343
0.97581
0.976214
0.976516
0.976701
0.976759
0.976698
0.976535
0.976301
0.976028
0.975748
0.975481
0.975235
0.974998
0.974748
0.974456
0.974097
0.973653
0.973119
0.972505
0.971832
0.971141
0.970485
0.969929
0.994129
0.997141
0.999541
1.00154
1.00298
1.00379
1.00414
1.00425
1.00426
1.00413
1.00391
1.00364
1.00338
1.00316
1.00298
1.00287
1.00281
1.00279
1.00282
1.00289
1.00299
1.00313
1.00321
1.00342
1.00352
0.998331
0.996621
0.996342
0.9967
0.997303
0.998101
0.9989
0.99959
1.00009
1.00041
1.00067
1.00091
1.00105
1.00113
1.00118
1.00121
1.00124
1.00126
1.00128
1.00131
1.00136
1.00142
1.00138
1.00158
1.00139
0.997784
0.998364
0.998644
0.998757
0.998779
0.99879
0.99888
0.999012
0.999171
0.999356
0.99952
0.999707
0.999876
1
1.00009
1.00015
1.00019
1.0002
1.00018
1.00015
1.00012
1.00012
1.00011
1.00009
1.00007
0.996829
0.997476
0.998248
0.998887
0.999331
0.999537
0.999619
0.999705
0.999821
0.999991
1.0001
1.00013
1.00019
1.00025
1.00028
1.00031
1.00032
1.00034
1.00034
1.00029
1.00028
1.00021
1.00024
1.00015
1.0002
0.9974
0.997883
0.998335
0.998878
0.999367
0.99974
0.999958
1.0001
1.00023
1.00038
1.00052
1.00059
1.00061
1.00062
1.00062
1.00061
1.00059
1.0006
1.00061
1.00063
1.00062
1.00057
1.00062
1.00056
1.00057
0.996797
0.997633
0.998321
0.998927
0.999461
0.999882
1.00018
1.00038
1.00052
1.00061
1.00068
1.00073
1.00075
1.00076
1.00076
1.00075
1.00074
1.00073
1.00073
1.00074
1.00071
1.0007
1.00074
1.00065
1.00068
0.996902
0.997468
0.998135
0.998814
0.999433
0.999933
1.00031
1.00059
1.00078
1.00091
1.00098
1.00099
1.00097
1.00094
1.00092
1.00089
1.00086
1.00082
1.00079
1.00076
1.00072
1.0007
1.0007
1.00063
1.00063
0.996912
0.997462
0.998036
0.998658
0.999271
0.999814
1.00027
1.00064
1.00093
1.00114
1.00126
1.00131
1.00129
1.00124
1.00118
1.00113
1.00107
1.00101
1.00095
1.00088
1.00081
1.00076
1.0007
1.00062
1.00059
0.997033
0.997557
0.998082
0.998614
0.999138
0.999636
1.0001
1.00053
1.0009
1.00119
1.00139
1.0015
1.00153
1.0015
1.00145
1.00139
1.00131
1.00123
1.00116
1.00107
1.00097
1.00088
1.00078
1.00068
1.00061
0.997171
0.997698
0.998209
0.998685
0.999125
0.999539
0.999947
1.00036
1.00075
1.0011
1.00137
1.00155
1.00163
1.00165
1.00163
1.00157
1.0015
1.00142
1.00133
1.00123
1.00112
1.00101
1.00087
1.00075
1.00065
0.997309
0.997838
0.998353
0.99881
0.999204
0.999553
0.999891
1.00024
1.0006
1.00095
1.00125
1.00148
1.00162
1.00169
1.00169
1.00165
1.0016
1.00152
1.00144
1.00133
1.00122
1.00109
1.00093
1.00079
1.00067
0.99744
0.997953
0.998474
0.998936
0.999315
0.999634
0.999925
1.00021
1.00052
1.00082
1.00111
1.00136
1.00153
1.00163
1.00167
1.00166
1.00162
1.00156
1.00148
1.00138
1.00126
1.00113
1.00096
1.00082
1.00067
0.997566
0.998044
0.998558
0.999029
0.999418
0.999736
1.00001
1.00026
1.00051
1.00076
1.00101
1.00124
1.00141
1.00153
1.0016
1.00161
1.00159
1.00154
1.00148
1.00139
1.00128
1.00114
1.00098
1.00084
1.00067
0.997699
0.998125
0.998609
0.999081
0.999491
0.999826
1.0001
1.00034
1.00056
1.00077
1.00097
1.00115
1.00131
1.00143
1.0015
1.00153
1.00152
1.00149
1.00144
1.00136
1.00126
1.00113
1.00098
1.00084
1.00066
0.997836
0.998206
0.998647
0.999105
0.999528
0.999887
1.00018
1.00043
1.00064
1.00083
1.00099
1.00113
1.00125
1.00134
1.00141
1.00144
1.00144
1.00142
1.00138
1.00131
1.00122
1.0011
1.00097
1.00083
1.00065
0.997977
0.998297
0.998688
0.999117
0.999538
0.999917
1.00024
1.0005
1.00072
1.0009
1.00104
1.00116
1.00125
1.00132
1.00135
1.00138
1.00138
1.00135
1.00131
1.00125
1.00116
1.00106
1.00094
1.00081
1.00064
0.998118
0.998398
0.998739
0.999131
0.999537
0.999924
1.00026
1.00055
1.00078
1.00097
1.00111
1.00121
1.00128
1.00133
1.00135
1.00135
1.00134
1.0013
1.00126
1.00119
1.00111
1.00102
1.00091
1.00078
1.00062
0.998254
0.998504
0.998804
0.999156
0.999536
0.999916
1.00027
1.00057
1.00082
1.00102
1.00116
1.00126
1.00133
1.00136
1.00137
1.00135
1.00132
1.00128
1.00122
1.00115
1.00107
1.00098
1.00087
1.00074
1.0006
0.998382
0.998614
0.998879
0.999193
0.999543
0.999906
1.00026
1.00057
1.00084
1.00105
1.0012
1.00131
1.00137
1.0014
1.0014
1.00137
1.00133
1.00127
1.0012
1.00113
1.00105
1.00095
1.00084
1.00072
1.00059
0.9985
0.998722
0.998963
0.999242
0.99956
0.999901
1.00024
1.00056
1.00083
1.00106
1.00123
1.00134
1.00141
1.00144
1.00143
1.0014
1.00135
1.00128
1.00121
1.00112
1.00103
1.00093
1.00082
1.0007
1.00058
0.998606
0.998825
0.999049
0.9993
0.999589
0.999903
1.00023
1.00054
1.00081
1.00105
1.00123
1.00135
1.00143
1.00146
1.00146
1.00143
1.00138
1.0013
1.00122
1.00113
1.00104
1.00093
1.00081
1.00069
1.00057
0.9987
0.99892
0.999134
0.999366
0.999627
0.999914
1.00021
1.00051
1.00079
1.00102
1.00121
1.00135
1.00143
1.00148
1.00148
1.00145
1.0014
1.00133
1.00124
1.00115
1.00105
1.00094
1.00082
1.0007
1.00058
0.998783
0.999007
0.999216
0.999434
0.999672
0.999934
1.00021
1.00049
1.00076
1.00099
1.00118
1.00132
1.00142
1.00147
1.00149
1.00147
1.00142
1.00135
1.00126
1.00117
1.00107
1.00095
1.00083
1.00071
1.00059
0.998854
0.999084
0.999293
0.999501
0.999722
0.999962
1.00022
1.00048
1.00073
1.00095
1.00114
1.00129
1.0014
1.00146
1.00148
1.00147
1.00143
1.00136
1.00128
1.00119
1.00108
1.00097
1.00085
1.00073
1.0006
0.998914
0.99915
0.999362
0.999565
0.999773
0.999994
1.00023
1.00047
1.0007
1.00092
1.00111
1.00126
1.00137
1.00143
1.00146
1.00146
1.00143
1.00137
1.0013
1.00121
1.0011
1.00099
1.00087
1.00075
1.00062
0.998965
0.999207
0.999422
0.999623
0.999823
1.00003
1.00025
1.00047
1.00068
1.00089
1.00107
1.00122
1.00133
1.0014
1.00144
1.00144
1.00142
1.00137
1.00131
1.00122
1.00112
1.00101
1.0009
1.00078
1.00065
0.999006
0.999254
0.999474
0.999676
0.99987
1.00007
1.00027
1.00047
1.00067
1.00086
1.00103
1.00118
1.00129
1.00137
1.00141
1.00142
1.00141
1.00137
1.00131
1.00123
1.00114
1.00103
1.00092
1.0008
1.00067
0.999041
0.999292
0.999517
0.999721
0.999913
1.0001
1.00029
1.00048
1.00066
1.00084
1.001
1.00114
1.00125
1.00133
1.00138
1.0014
1.00139
1.00136
1.00131
1.00124
1.00115
1.00105
1.00094
1.00083
1.0007
0.999068
0.999322
0.999551
0.999758
0.999949
1.00013
1.00031
1.00049
1.00066
1.00083
1.00098
1.00111
1.00121
1.00129
1.00135
1.00137
1.00137
1.00135
1.0013
1.00124
1.00116
1.00107
1.00097
1.00086
1.00073
0.999089
0.999344
0.999577
0.999787
0.99998
1.00016
1.00033
1.0005
1.00066
1.00082
1.00096
1.00108
1.00118
1.00126
1.00132
1.00135
1.00135
1.00134
1.0013
1.00124
1.00117
1.00109
1.00099
1.00088
1.00077
0.999105
0.99936
0.999594
0.999808
1
1.00018
1.00035
1.00051
1.00067
1.00081
1.00094
1.00106
1.00116
1.00124
1.00129
1.00132
1.00134
1.00132
1.00129
1.00125
1.00118
1.0011
1.00101
1.00091
1.0008
0.999116
0.999369
0.999605
0.999822
1.00002
1.0002
1.00037
1.00052
1.00067
1.00081
1.00093
1.00105
1.00114
1.00122
1.00127
1.00131
1.00132
1.00132
1.00129
1.00125
1.00119
1.00112
1.00104
1.00095
1.00084
0.999122
0.999373
0.99961
0.999829
1.00003
1.00021
1.00038
1.00053
1.00068
1.00081
1.00093
1.00104
1.00113
1.0012
1.00126
1.0013
1.00131
1.00131
1.00129
1.00126
1.00121
1.00114
1.00107
1.00098
1.00088
0.999124
0.999373
0.99961
0.999831
1.00003
1.00022
1.00039
1.00054
1.00068
1.00081
1.00093
1.00103
1.00112
1.00119
1.00125
1.00129
1.00131
1.00131
1.0013
1.00127
1.00123
1.00117
1.0011
1.00102
1.00093
0.999122
0.999368
0.999604
0.999827
1.00003
1.00022
1.00039
1.00054
1.00068
1.00081
1.00093
1.00103
1.00112
1.00119
1.00125
1.00129
1.00131
1.00132
1.00131
1.00129
1.00125
1.0012
1.00113
1.00106
1.00098
0.999117
0.999359
0.999594
0.999818
1.00003
1.00022
1.00039
1.00054
1.00069
1.00082
1.00093
1.00103
1.00112
1.00119
1.00125
1.00129
1.00132
1.00133
1.00133
1.00131
1.00127
1.00123
1.00117
1.0011
1.00103
0.999107
0.999346
0.99958
0.999804
1.00001
1.00021
1.00038
1.00054
1.00069
1.00082
1.00093
1.00104
1.00112
1.0012
1.00126
1.0013
1.00133
1.00135
1.00135
1.00133
1.0013
1.00126
1.00121
1.00115
1.00108
0.999093
0.999329
0.999562
0.999787
0.999998
1.00019
1.00037
1.00054
1.00068
1.00082
1.00094
1.00104
1.00113
1.00121
1.00127
1.00132
1.00135
1.00137
1.00137
1.00136
1.00134
1.0013
1.00126
1.0012
1.00113
0.999075
0.999308
0.99954
0.999765
0.999979
1.00018
1.00036
1.00053
1.00068
1.00082
1.00094
1.00105
1.00114
1.00122
1.00128
1.00133
1.00137
1.00139
1.0014
1.00139
1.00138
1.00135
1.00131
1.00126
1.00119
0.999053
0.999284
0.999515
0.999741
0.999956
1.00016
1.00035
1.00052
1.00068
1.00082
1.00094
1.00105
1.00115
1.00123
1.0013
1.00136
1.0014
1.00142
1.00143
1.00143
1.00142
1.0014
1.00136
1.00131
1.00125
0.999028
0.999256
0.999487
0.999713
0.999931
1.00014
1.00033
1.00051
1.00067
1.00081
1.00095
1.00106
1.00116
1.00125
1.00132
1.00138
1.00143
1.00146
1.00147
1.00148
1.00147
1.00145
1.00142
1.00138
1.00132
0.998998
0.999225
0.999455
0.999682
0.999902
1.00011
1.00031
1.00049
1.00066
1.00081
1.00095
1.00107
1.00118
1.00127
1.00135
1.00141
1.00146
1.00149
1.00152
1.00153
1.00152
1.00151
1.00148
1.00144
1.00139
0.998965
0.999191
0.999421
0.999649
0.999872
1.00008
1.00029
1.00047
1.00065
1.00081
1.00095
1.00108
1.00119
1.00129
1.00137
1.00144
1.0015
1.00154
1.00156
1.00158
1.00158
1.00157
1.00155
1.00151
1.00146
0.998927
0.999153
0.999383
0.999613
0.999839
1.00006
1.00026
1.00046
1.00064
1.0008
1.00095
1.00109
1.00121
1.00131
1.0014
1.00148
1.00154
1.00158
1.00162
1.00164
1.00164
1.00164
1.00162
1.00158
1.00154
0.998886
0.999112
0.999343
0.999575
0.999803
1.00002
1.00024
1.00044
1.00062
1.0008
1.00095
1.0011
1.00122
1.00134
1.00143
1.00151
1.00158
1.00163
1.00167
1.0017
1.00171
1.00171
1.00169
1.00166
1.00161
0.99884
0.999067
0.9993
0.999534
0.999766
0.999992
1.00021
1.00042
1.00061
1.00079
1.00096
1.00111
1.00124
1.00136
1.00147
1.00156
1.00163
1.00169
1.00173
1.00176
1.00178
1.00178
1.00177
1.00174
1.0017
0.998791
0.999019
0.999254
0.999491
0.999727
0.999958
1.00018
1.0004
1.0006
1.00079
1.00096
1.00112
1.00126
1.00139
1.0015
1.0016
1.00168
1.00175
1.0018
1.00183
1.00186
1.00186
1.00185
1.00183
1.00178
0.998737
0.998967
0.999204
0.999445
0.999686
0.999922
1.00015
1.00037
1.00058
1.00078
1.00096
1.00113
1.00128
1.00142
1.00154
1.00165
1.00174
1.00181
1.00187
1.00191
1.00194
1.00195
1.00194
1.00192
1.00188
0.998678
0.998911
0.999152
0.999397
0.999643
0.999885
1.00012
1.00035
1.00057
1.00077
1.00097
1.00114
1.00131
1.00145
1.00158
1.0017
1.00179
1.00187
1.00194
1.00199
1.00202
1.00203
1.00203
1.00201
1.00197
0.998618
0.998854
0.9991
0.999349
0.9996
0.999849
1.00009
1.00033
1.00056
1.00077
1.00097
1.00116
1.00133
1.00149
1.00163
1.00175
1.00186
1.00195
1.00202
1.00207
1.00211
1.00213
1.00213
1.00211
1.00207
0.998549
0.99879
0.999039
0.999295
0.999552
0.999808
1.00006
1.00031
1.00054
1.00077
1.00098
1.00118
1.00136
1.00153
1.00168
1.00181
1.00192
1.00202
1.0021
1.00216
1.0022
1.00223
1.00223
1.00222
1.00218
0.998477
0.998723
0.998978
0.99924
0.999504
0.999768
1.00003
1.00028
1.00053
1.00076
1.00099
1.0012
1.00139
1.00157
1.00173
1.00187
1.00199
1.0021
1.00219
1.00226
1.0023
1.00233
1.00234
1.00233
1.00229
0.998402
0.998653
0.998914
0.999182
0.999454
0.999726
0.999995
1.00026
1.00052
1.00076
1.001
1.00122
1.00142
1.00161
1.00178
1.00194
1.00207
1.00219
1.00228
1.00236
1.00241
1.00244
1.00245
1.00244
1.00241
0.998322
0.998579
0.998846
0.999122
0.999401
0.999683
0.999962
1.00024
1.0005
1.00076
1.00101
1.00124
1.00146
1.00166
1.00184
1.00201
1.00215
1.00228
1.00238
1.00246
1.00252
1.00256
1.00258
1.00257
1.00254
0.998236
0.9985
0.998775
0.999058
0.999347
0.999638
0.999928
1.00021
1.00049
1.00076
1.00102
1.00127
1.0015
1.00171
1.00191
1.00208
1.00224
1.00237
1.00248
1.00257
1.00264
1.00268
1.0027
1.0027
1.00267
0.998144
0.998416
0.998699
0.998991
0.99929
0.999591
0.999892
1.00019
1.00048
1.00076
1.00104
1.0013
1.00154
1.00177
1.00197
1.00216
1.00233
1.00247
1.00259
1.00269
1.00277
1.00281
1.00284
1.00284
1.00281
0.998047
0.998326
0.998619
0.998921
0.99923
0.999542
0.999855
1.00017
1.00047
1.00077
1.00105
1.00133
1.00158
1.00182
1.00204
1.00224
1.00242
1.00258
1.00271
1.00282
1.0029
1.00295
1.00298
1.00298
1.00296
0.997943
0.998232
0.998534
0.998846
0.999166
0.999491
0.999817
1.00014
1.00046
1.00077
1.00107
1.00136
1.00163
1.00189
1.00212
1.00233
1.00253
1.00269
1.00283
1.00295
1.00304
1.0031
1.00313
1.00314
1.00311
0.997833
0.998131
0.998443
0.998767
0.999099
0.999437
0.999776
1.00011
1.00045
1.00078
1.00109
1.00139
1.00168
1.00195
1.0022
1.00243
1.00263
1.00281
1.00296
1.00309
1.00318
1.00325
1.00329
1.0033
1.00328
0.997716
0.998024
0.998347
0.998683
0.999028
0.99938
0.999734
1.00009
1.00044
1.00078
1.00111
1.00143
1.00174
1.00202
1.00229
1.00253
1.00275
1.00294
1.0031
1.00324
1.00334
1.00342
1.00346
1.00347
1.00345
0.997591
0.99791
0.998245
0.998594
0.998953
0.999319
0.999688
1.00006
1.00042
1.00078
1.00113
1.00147
1.00179
1.0021
1.00238
1.00263
1.00287
1.00307
1.00325
1.00339
1.00351
1.00359
1.00364
1.00365
1.00363
0.997458
0.997789
0.998137
0.998499
0.998873
0.999254
0.99964
1.00003
1.00041
1.00079
1.00116
1.00151
1.00185
1.00217
1.00247
1.00275
1.00299
1.00321
1.0034
1.00356
1.00368
1.00377
1.00382
1.00384
1.00383
0.997317
0.99766
0.998021
0.998398
0.998787
0.999185
0.999588
0.999993
1.0004
1.00079
1.00118
1.00156
1.00192
1.00226
1.00257
1.00286
1.00313
1.00336
1.00356
1.00373
1.00386
1.00396
1.00402
1.00405
1.00403
0.997166
0.997522
0.997897
0.99829
0.998695
0.999111
0.999533
0.999957
1.00038
1.0008
1.00121
1.0016
1.00198
1.00234
1.00268
1.00299
1.00327
1.00352
1.00373
1.00391
1.00406
1.00416
1.00423
1.00426
1.00425
0.997005
0.997375
0.997765
0.998174
0.998597
0.999031
0.999472
0.999917
1.00036
1.0008
1.00123
1.00165
1.00205
1.00243
1.00279
1.00312
1.00342
1.00368
1.00391
1.00411
1.00426
1.00438
1.00445
1.00449
1.00448
0.996834
0.997218
0.997624
0.99805
0.998491
0.998945
0.999407
0.999874
1.00034
1.0008
1.00126
1.0017
1.00212
1.00253
1.0029
1.00325
1.00357
1.00386
1.0041
1.00431
1.00448
1.00461
1.00469
1.00472
1.00472
0.996651
0.99705
0.997473
0.997916
0.998377
0.998852
0.999336
0.999825
1.00032
1.0008
1.00128
1.00175
1.0022
1.00262
1.00302
1.0034
1.00374
1.00404
1.0043
1.00453
1.00471
1.00484
1.00493
1.00498
1.00497
0.996455
0.996871
0.997311
0.997773
0.998254
0.998751
0.999258
0.999772
1.00029
1.0008
1.0013
1.0018
1.00227
1.00272
1.00315
1.00355
1.00391
1.00423
1.00452
1.00475
1.00495
1.0051
1.00519
1.00524
1.00524
0.996247
0.996679
0.997137
0.997619
0.998122
0.998641
0.999173
0.999712
1.00025
1.00079
1.00133
1.00185
1.00235
1.00283
1.00328
1.0037
1.00409
1.00443
1.00474
1.00499
1.0052
1.00536
1.00547
1.00552
1.00552
0.996024
0.996473
0.99695
0.997453
0.997978
0.998522
0.999079
0.999645
1.00022
1.00078
1.00135
1.0019
1.00243
1.00294
1.00342
1.00387
1.00428
1.00465
1.00497
1.00525
1.00547
1.00564
1.00576
1.00582
1.00582
0.995786
0.996253
0.99675
0.997274
0.997823
0.998391
0.998976
0.99957
1.00017
1.00077
1.00136
1.00195
1.00251
1.00305
1.00356
1.00404
1.00448
1.00487
1.00522
1.00551
1.00575
1.00594
1.00606
1.00613
1.00613
0.995532
0.996017
0.996534
0.997081
0.997654
0.998249
0.998862
0.999487
1.00012
1.00075
1.00138
1.00199
1.00259
1.00317
1.00371
1.00422
1.00468
1.0051
1.00547
1.00579
1.00605
1.00625
1.00639
1.00646
1.00647
0.99526
0.995763
0.996302
0.996872
0.99747
0.998093
0.998736
0.999393
1.00006
1.00073
1.00139
1.00204
1.00267
1.00328
1.00386
1.0044
1.0049
1.00535
1.00574
1.00608
1.00636
1.00658
1.00672
1.0068
1.00681
0.994969
0.995492
0.996052
0.996645
0.997271
0.997922
0.998596
0.999287
0.999987
1.00069
1.00139
1.00208
1.00275
1.0034
1.00402
1.00459
1.00512
1.0056
1.00603
1.00639
1.00669
1.00692
1.00708
1.00717
1.00718
0.994658
0.9952
0.995782
0.9964
0.997053
0.997735
0.998442
0.999168
0.999906
1.00065
1.00139
1.00212
1.00283
1.00352
1.00418
1.00479
1.00536
1.00587
1.00632
1.00671
1.00703
1.00728
1.00746
1.00755
1.00757
0.994325
0.994886
0.99549
0.996134
0.996815
0.997529
0.99827
0.999033
0.999811
1.0006
1.00138
1.00215
1.00291
1.00364
1.00434
1.00499
1.0056
1.00615
1.00663
1.00705
1.0074
1.00766
1.00785
1.00795
1.00797
0.993968
0.994549
0.995175
0.995845
0.996556
0.997302
0.99808
0.998882
0.999701
1.00053
1.00136
1.00218
1.00298
1.00376
1.0045
1.0052
1.00585
1.00644
1.00696
1.0074
1.00777
1.00806
1.00826
1.00838
1.0084
0.993586
0.994186
0.994835
0.995531
0.996272
0.997052
0.997868
0.998711
0.999574
1.00045
1.00133
1.0022
1.00305
1.00388
1.00467
1.00542
1.00611
1.00674
1.00729
1.00777
1.00817
1.00848
1.0087
1.00882
1.00885
0.993176
0.993794
0.994466
0.995189
0.995961
0.996776
0.997631
0.998517
0.999428
1.00035
1.00128
1.00221
1.00311
1.004
1.00484
1.00564
1.00637
1.00705
1.00764
1.00816
1.00859
1.00892
1.00916
1.00929
1.00932
0.992736
0.993373
0.994066
0.994816
0.995619
0.996471
0.997367
0.998299
0.999258
1.00024
1.00122
1.0022
1.00317
1.00411
1.00501
1.00586
1.00665
1.00737
1.00801
1.00856
1.00902
1.00938
1.00963
1.00978
1.00982
0.992265
0.992918
0.993633
0.994409
0.995244
0.996133
0.997072
0.998051
0.999063
1.0001
1.00114
1.00218
1.00321
1.00421
1.00517
1.00608
1.00693
1.0077
1.00838
1.00898
1.00947
1.00986
1.01014
1.01029
1.01033
0.991758
0.992426
0.993161
0.993964
0.994831
0.995759
0.996742
0.997771
0.998838
0.99993
1.00104
1.00214
1.00324
1.0043
1.00533
1.0063
1.00721
1.00804
1.00877
1.00941
1.00994
1.01036
1.01066
1.01083
1.01087
0.991213
0.991894
0.992648
0.993477
0.994376
0.995343
0.996372
0.997454
0.998578
0.999734
1.00091
1.00208
1.00325
1.00439
1.00548
1.00652
1.00749
1.00838
1.00917
1.00986
1.01043
1.01088
1.0112
1.01139
1.01144
0.990626
0.991318
0.99209
0.992943
0.993874
0.994881
0.995957
0.997094
0.998279
0.999501
1.00075
1.002
1.00324
1.00445
1.00563
1.00674
1.00778
1.00873
1.00959
1.01033
1.01094
1.01143
1.01177
1.01197
1.01203
0.989988
0.990692
0.99148
0.992356
0.99332
0.994367
0.995492
0.996685
0.997935
0.999228
1.00055
1.00188
1.0032
1.0045
1.00576
1.00695
1.00807
1.00909
1.01001
1.0108
1.01147
1.01199
1.01236
1.01258
1.01264
0.989289
0.990006
0.99081
0.991709
0.992705
0.993793
0.994969
0.996222
0.997539
0.998907
1.00031
1.00172
1.00314
1.00452
1.00587
1.00715
1.00835
1.00945
1.01043
1.01129
1.012
1.01257
1.01297
1.01321
1.01328
0.988505
0.989242
0.990067
0.990991
0.99202
0.993151
0.994379
0.995695
0.997084
0.998532
1.00002
1.00153
1.00303
1.00452
1.00596
1.00733
1.00862
1.0098
1.01086
1.01179
1.01256
1.01317
1.0136
1.01386
1.01393
0.987596
0.988368
0.989226
0.990184
0.99125
0.992428
0.993712
0.995094
0.996559
0.998092
0.999672
1.00128
1.00289
1.00447
1.00602
1.00749
1.00888
1.01015
1.01129
1.01229
1.01312
1.01378
1.01425
1.01453
1.01461
0.986487
0.987331
0.988242
0.98925
0.990366
0.9916
0.992948
0.994403
0.995952
0.997576
0.999256
1.00097
1.00269
1.00439
1.00604
1.00763
1.00912
1.01049
1.01172
1.0128
1.01369
1.0144
1.01491
1.01522
1.0153
0.985083
0.986046
0.987038
0.988126
0.989316
0.990624
0.992052
0.993594
0.995237
0.996964
0.998755
1.00058
1.00242
1.00425
1.00602
1.00773
1.00933
1.01081
1.01214
1.0133
1.01427
1.01504
1.01559
1.01592
1.01602
0.983325
0.984384
0.985524
0.986712
0.988013
0.989426
0.99096
0.992612
0.994371
0.99622
0.998137
1.0001
1.00208
1.00404
1.00595
1.00779
1.00951
1.01111
1.01255
1.0138
1.01485
1.01568
1.01628
1.01663
1.01674
0.98113
0.982309
0.983537
0.984894
0.986335
0.987891
0.989567
0.991365
0.993274
0.995274
0.997347
0.999468
1.00161
1.00372
1.00579
1.00778
1.00965
1.01138
1.01293
1.01429
1.01543
1.01633
1.01698
1.01736
1.01748
0.978565
0.979783
0.981097
0.98256
0.984155
0.985887
0.987734
0.989719
0.991819
0.994014
0.996281
0.998601
1.00094
1.00325
1.0055
1.00766
1.0097
1.01158
1.01328
1.01475
1.01599
1.01697
1.01768
1.0181
1.01822
0.97593
0.976988
0.978266
0.979763
0.98145
0.983311
0.985346
0.987538
0.989866
0.992296
0.994797
0.997365
0.999966
1.0025
1.00499
1.00737
1.00962
1.01168
1.01355
1.01517
1.01653
1.01761
1.01838
1.01884
1.01898
0.973585
0.974318
0.975367
0.976729
0.978377
0.980282
0.982434
0.984801
0.987351
0.990023
0.992774
0.995638
0.998541
1.00137
1.00415
1.00681
1.00931
1.01161
1.01368
1.01549
1.01701
1.0182
1.01907
1.01957
1.01973
0.971827
0.97217
0.972865
0.973938
0.97538
0.977177
0.979309
0.98174
0.984418
0.987289
0.990307
0.993477
0.996653
0.999807
1.00292
1.00591
1.0087
1.01129
1.01363
1.01566
1.01737
1.01871
1.01969
1.02026
1.02043
0.970708
0.970743
0.971109
0.971863
0.973024
0.974599
0.976579
0.978935
0.981616
0.984571
0.987792
0.991164
0.994571
0.998033
1.00147
1.00476
1.00786
1.01077
1.01339
1.01568
1.0176
1.01912
1.02022
1.02086
1.02105
0.970006
0.96989
0.970084
0.970643
0.971607
0.973
0.974826
0.977068
0.97969
0.982648
0.985901
0.989367
0.992954
0.996619
1.00026
1.00378
1.00716
1.01032
1.01318
1.01569
1.01781
1.01948
1.0207
1.02141
1.02162
0.969545
0.969397
0.969555
0.970072
0.97099
0.972337
0.97412
0.976327
0.97893
0.981893
0.985165
0.988664
0.992315
0.996058
0.999794
1.00344
1.00695
1.01023
1.01322
1.01585
1.01807
1.01983
1.02111
1.02186
1.02207
)
;

boundaryField
{
    back
    {
        type            empty;
    }
    cylinder
    {
        type            zeroGradient;
    }
    front
    {
        type            empty;
    }
    inlet
    {
        type            fixedValue;
        value           uniform 1;
    }
    outlet
    {
        type            zeroGradient;
    }
}


// ************************************************************************* //
