/*--------------------------------*- C++ -*----------------------------------*\
| =========                 |                                                 |
| \\      /  F ield         | OpenFOAM: The Open Source CFD Toolbox           |
|  \\    /   O peration     | Version:  v1912                                 |
|   \\  /    A nd           | Website:  www.openfoam.com                      |
|    \\/     M anipulation  |                                                 |
\*---------------------------------------------------------------------------*/
FoamFile
{
    version     2.0;
    format      ascii;
    class       volScalarField;
    location    "1000";
    object      rhoMean;
}
// * * * * * * * * * * * * * * * * * * * * * * * * * * * * * * * * * * * * * //

dimensions      [1 -3 0 0 0 0 0];


internalField   nonuniform List<scalar> 
9900
(
1.00349
1.00344
1.0035
1.00347
1.00347
1.00345
1.00341
1.00339
1.00334
1.0033
1.00325
1.00319
1.00312
1.00303
1.0029
1.00275
1.00256
1.00236
1.00213
1.00187
1.00158
1.00127
1.0009
1.00051
1.0001
1.00142
1.0012
1.00128
1.00114
1.00112
1.00103
1.00097
1.00088
1.00079
1.0007
1.0006
1.0005
1.0004
1.0003
1.00021
1.00013
1.00004
0.999948
0.999834
0.999721
0.999629
0.999578
0.999573
0.999618
0.999769
0.999807
0.99982
0.999761
0.999777
0.999721
0.999712
0.999694
0.999666
0.999653
0.999623
0.999607
0.999585
0.999571
0.999568
0.999586
0.999626
0.999679
0.999742
0.999811
0.999883
0.999955
1.00003
1.0001
1.00013
1.00011
0.999842
0.999955
0.999891
0.999973
0.999948
0.999984
0.999996
1.00001
1.00003
1.00004
1.00005
1.00006
1.00006
1.00006
1.00006
1.00006
1.00005
1.00005
1.00005
1.00006
1.00005
1.00002
0.999961
0.999871
0.999786
1.00026
1.00032
1.00029
1.00032
1.00032
1.00032
1.00033
1.00033
1.00033
1.00033
1.00032
1.00031
1.00029
1.00026
1.00023
1.00019
1.00014
1.0001
1.00006
1.00001
0.999973
0.999935
0.999902
0.999894
0.999923
1.00039
1.0004
1.00039
1.00038
1.00038
1.00036
1.00035
1.00033
1.00032
1.0003
1.00027
1.00025
1.00022
1.00019
1.00015
1.00011
1.00007
1.00004
1
0.99997
0.999942
0.99992
0.999902
0.999888
0.999853
1.00034
1.00035
1.00033
1.00032
1.00032
1.0003
1.00029
1.00027
1.00025
1.00023
1.00021
1.00019
1.00016
1.00013
1.00011
1.00008
1.00005
1.00002
0.999998
0.999973
0.999948
0.999924
0.999899
0.999872
0.999846
1.0003
1.00031
1.0003
1.0003
1.0003
1.00029
1.00027
1.00026
1.00025
1.00023
1.00021
1.00019
1.00017
1.00015
1.00012
1.0001
1.00007
1.00004
1.00001
0.999982
0.999953
0.999922
0.999891
0.999863
0.999838
1.00032
1.00033
1.00032
1.00032
1.00032
1.00031
1.0003
1.00029
1.00027
1.00026
1.00024
1.00022
1.00019
1.00017
1.00014
1.00011
1.00008
1.00005
1.00002
0.999984
0.99995
0.999918
0.999887
0.999859
0.999834
1.00035
1.00036
1.00035
1.00035
1.00034
1.00034
1.00032
1.00031
1.00029
1.00027
1.00025
1.00023
1.0002
1.00018
1.00015
1.00012
1.00008
1.00005
1.00002
0.999981
0.999948
0.999916
0.999885
0.999856
0.999831
1.00037
1.00038
1.00037
1.00037
1.00036
1.00035
1.00034
1.00032
1.0003
1.00028
1.00026
1.00024
1.00021
1.00018
1.00015
1.00012
1.00008
1.00005
1.00001
0.99998
0.999947
0.999914
0.999883
0.999854
0.999827
1.00039
1.00039
1.00039
1.00038
1.00037
1.00036
1.00035
1.00033
1.00031
1.00029
1.00027
1.00024
1.00021
1.00018
1.00015
1.00012
1.00008
1.00005
1.00001
0.99998
0.999945
0.999912
0.99988
0.99985
0.999822
1.0004
1.00041
1.0004
1.00039
1.00039
1.00038
1.00036
1.00034
1.00032
1.0003
1.00028
1.00025
1.00022
1.00019
1.00016
1.00012
1.00009
1.00005
1.00001
0.999979
0.999943
0.999909
0.999876
0.999845
0.999816
1.00042
1.00042
1.00042
1.00041
1.0004
1.00039
1.00038
1.00036
1.00034
1.00031
1.00029
1.00026
1.00023
1.0002
1.00016
1.00013
1.00009
1.00005
1.00001
0.999977
0.999941
0.999905
0.999871
0.999839
0.999809
1.00044
1.00044
1.00044
1.00043
1.00042
1.00041
1.00039
1.00037
1.00035
1.00033
1.0003
1.00027
1.00024
1.0002
1.00017
1.00013
1.00009
1.00005
1.00001
0.999975
0.999938
0.999901
0.999865
0.999832
0.999801
1.00046
1.00046
1.00046
1.00045
1.00044
1.00043
1.00041
1.00039
1.00036
1.00034
1.00031
1.00028
1.00024
1.00021
1.00017
1.00013
1.00009
1.00005
1.00001
0.999973
0.999934
0.999896
0.999859
0.999824
0.999792
1.00048
1.00048
1.00048
1.00047
1.00046
1.00044
1.00043
1.0004
1.00038
1.00035
1.00032
1.00029
1.00025
1.00022
1.00018
1.00014
1.0001
1.00005
1.00001
0.999971
0.99993
0.99989
0.999851
0.999815
0.999782
1.00051
1.00051
1.0005
1.00049
1.00048
1.00046
1.00044
1.00042
1.00039
1.00037
1.00033
1.0003
1.00026
1.00022
1.00018
1.00014
1.0001
1.00006
1.00001
0.999968
0.999925
0.999884
0.999844
0.999806
0.999771
1.00053
1.00053
1.00052
1.00051
1.0005
1.00048
1.00046
1.00044
1.00041
1.00038
1.00035
1.00031
1.00027
1.00023
1.00019
1.00015
1.0001
1.00006
1.00001
0.999965
0.99992
0.999877
0.999835
0.999796
0.99976
1.00055
1.00055
1.00055
1.00054
1.00052
1.0005
1.00048
1.00046
1.00043
1.0004
1.00036
1.00032
1.00028
1.00024
1.0002
1.00015
1.0001
1.00006
1.00001
0.999962
0.999915
0.999869
0.999826
0.999785
0.999748
1.00058
1.00058
1.00057
1.00056
1.00054
1.00053
1.0005
1.00048
1.00045
1.00041
1.00038
1.00034
1.00029
1.00025
1.0002
1.00016
1.00011
1.00006
1.00001
0.999958
0.999909
0.999862
0.999816
0.999774
0.999734
1.00061
1.0006
1.0006
1.00059
1.00057
1.00055
1.00052
1.0005
1.00047
1.00043
1.00039
1.00035
1.00031
1.00026
1.00021
1.00016
1.00011
1.00006
1.00001
0.999954
0.999903
0.999853
0.999806
0.999761
0.99972
1.00064
1.00063
1.00063
1.00061
1.0006
1.00057
1.00055
1.00052
1.00049
1.00045
1.00041
1.00037
1.00032
1.00027
1.00022
1.00017
1.00011
1.00006
1
0.999949
0.999896
0.999844
0.999795
0.999748
0.999705
1.00067
1.00066
1.00065
1.00064
1.00062
1.0006
1.00057
1.00054
1.00051
1.00047
1.00043
1.00038
1.00033
1.00028
1.00023
1.00017
1.00012
1.00006
1
0.999944
0.999888
0.999834
0.999782
0.999734
0.999689
1.0007
1.00069
1.00068
1.00067
1.00065
1.00063
1.0006
1.00057
1.00053
1.00049
1.00045
1.0004
1.00035
1.00029
1.00024
1.00018
1.00012
1.00006
0.999999
0.999939
0.99988
0.999824
0.999769
0.999718
0.999671
1.00073
1.00073
1.00072
1.0007
1.00068
1.00066
1.00063
1.00059
1.00055
1.00051
1.00046
1.00041
1.00036
1.0003
1.00024
1.00018
1.00012
1.00006
0.999996
0.999933
0.999872
0.999812
0.999756
0.999702
0.999652
1.00077
1.00076
1.00075
1.00074
1.00071
1.00069
1.00066
1.00062
1.00058
1.00053
1.00049
1.00043
1.00038
1.00032
1.00025
1.00019
1.00012
1.00006
0.999993
0.999927
0.999863
0.9998
0.999741
0.999684
0.999632
1.0008
1.0008
1.00079
1.00077
1.00075
1.00072
1.00069
1.00065
1.00061
1.00056
1.00051
1.00045
1.00039
1.00033
1.00026
1.0002
1.00013
1.00006
0.999989
0.99992
0.999853
0.999787
0.999725
0.999665
0.99961
1.00084
1.00083
1.00082
1.00081
1.00078
1.00075
1.00072
1.00068
1.00063
1.00058
1.00053
1.00047
1.00041
1.00034
1.00027
1.0002
1.00013
1.00006
0.999986
0.999913
0.999842
0.999774
0.999708
0.999645
0.999587
1.00088
1.00087
1.00086
1.00084
1.00082
1.00079
1.00075
1.00071
1.00066
1.00061
1.00055
1.00049
1.00043
1.00036
1.00028
1.00021
1.00013
1.00006
0.999982
0.999906
0.999831
0.999759
0.99969
0.999624
0.999562
1.00092
1.00092
1.0009
1.00088
1.00086
1.00083
1.00079
1.00074
1.00069
1.00064
1.00058
1.00051
1.00044
1.00037
1.0003
1.00022
1.00014
1.00006
0.999978
0.999898
0.999819
0.999743
0.99967
0.999601
0.999536
1.00097
1.00096
1.00095
1.00093
1.0009
1.00086
1.00082
1.00078
1.00072
1.00067
1.0006
1.00053
1.00046
1.00039
1.00031
1.00023
1.00014
1.00006
0.999973
0.999889
0.999807
0.999727
0.99965
0.999577
0.999508
1.00101
1.00101
1.00099
1.00097
1.00094
1.00091
1.00086
1.00081
1.00076
1.0007
1.00063
1.00056
1.00048
1.0004
1.00032
1.00023
1.00015
1.00006
0.999968
0.99988
0.999793
0.999709
0.999628
0.999551
0.999479
1.00106
1.00105
1.00104
1.00102
1.00099
1.00095
1.0009
1.00085
1.00079
1.00073
1.00066
1.00058
1.0005
1.00042
1.00033
1.00024
1.00015
1.00006
0.999963
0.99987
0.999779
0.99969
0.999605
0.999523
0.999447
1.00112
1.00111
1.00109
1.00107
1.00103
1.00099
1.00095
1.00089
1.00083
1.00076
1.00069
1.00061
1.00053
1.00044
1.00035
1.00025
1.00015
1.00006
0.999957
0.999859
0.999763
0.99967
0.99958
0.999494
0.999414
1.00117
1.00116
1.00114
1.00112
1.00108
1.00104
1.00099
1.00093
1.00087
1.0008
1.00072
1.00064
1.00055
1.00046
1.00036
1.00026
1.00016
1.00005
0.999951
0.999848
0.999747
0.999648
0.999553
0.999463
0.999378
1.00123
1.00122
1.0012
1.00117
1.00114
1.00109
1.00104
1.00098
1.00091
1.00084
1.00075
1.00067
1.00057
1.00047
1.00037
1.00027
1.00016
1.00005
0.999944
0.999836
0.999729
0.999626
0.999526
0.99943
0.999341
1.00129
1.00128
1.00126
1.00123
1.00119
1.00114
1.00109
1.00103
1.00095
1.00087
1.00079
1.0007
1.0006
1.0005
1.00039
1.00028
1.00017
1.00005
0.999937
0.999823
0.999711
0.999601
0.999496
0.999395
0.999301
1.00135
1.00134
1.00132
1.00129
1.00125
1.0012
1.00114
1.00107
1.001
1.00092
1.00082
1.00073
1.00062
1.00052
1.0004
1.00029
1.00017
1.00005
0.999929
0.999809
0.999691
0.999575
0.999464
0.999358
0.999259
1.00142
1.0014
1.00138
1.00135
1.00131
1.00126
1.0012
1.00113
1.00105
1.00096
1.00086
1.00076
1.00065
1.00054
1.00042
1.0003
1.00017
1.00005
0.99992
0.999794
0.999669
0.999548
0.999431
0.999319
0.999214
1.00149
1.00147
1.00145
1.00142
1.00137
1.00132
1.00125
1.00118
1.0011
1.001
1.0009
1.0008
1.00068
1.00056
1.00044
1.00031
1.00018
1.00004
0.999911
0.999778
0.999647
0.999519
0.999395
0.999278
0.999166
1.00156
1.00155
1.00152
1.00149
1.00144
1.00138
1.00132
1.00124
1.00115
1.00105
1.00095
1.00083
1.00071
1.00059
1.00045
1.00032
1.00018
1.00004
0.999901
0.999761
0.999623
0.999488
0.999358
0.999234
0.999116
1.00164
1.00162
1.0016
1.00156
1.00151
1.00145
1.00138
1.0013
1.0012
1.0011
1.00099
1.00087
1.00074
1.00061
1.00047
1.00033
1.00019
1.00004
0.99989
0.999743
0.999597
0.999456
0.999318
0.999187
0.999063
1.00172
1.0017
1.00168
1.00164
1.00159
1.00152
1.00145
1.00136
1.00126
1.00115
1.00104
1.00091
1.00078
1.00064
1.00049
1.00034
1.00019
1.00003
0.999878
0.999723
0.99957
0.999421
0.999276
0.999138
0.999007
1.0018
1.00179
1.00176
1.00172
1.00166
1.0016
1.00152
1.00143
1.00132
1.00121
1.00109
1.00095
1.00081
1.00067
1.00051
1.00035
1.00019
1.00003
0.999866
0.999703
0.999542
0.999384
0.999232
0.999086
0.998948
1.00189
1.00188
1.00185
1.0018
1.00175
1.00168
1.00159
1.0015
1.00139
1.00127
1.00114
1.001
1.00085
1.00069
1.00053
1.00037
1.0002
1.00003
0.999853
0.999681
0.999511
0.999346
0.999185
0.999031
0.998885
1.00199
1.00197
1.00194
1.00189
1.00183
1.00176
1.00167
1.00157
1.00145
1.00133
1.00119
1.00104
1.00089
1.00072
1.00055
1.00038
1.0002
1.00002
0.999839
0.999658
0.999479
0.999305
0.999135
0.998973
0.998819
1.00209
1.00207
1.00203
1.00199
1.00192
1.00184
1.00175
1.00165
1.00152
1.00139
1.00125
1.00109
1.00093
1.00076
1.00058
1.00039
1.00021
1.00001
0.999823
0.999633
0.999445
0.999261
0.999083
0.998912
0.99875
1.00219
1.00217
1.00214
1.00209
1.00202
1.00194
1.00184
1.00173
1.0016
1.00146
1.00131
1.00114
1.00097
1.00079
1.0006
1.00041
1.00021
1.00001
0.999807
0.999607
0.999409
0.999216
0.999028
0.998848
0.998676
1.0023
1.00228
1.00224
1.00219
1.00212
1.00203
1.00193
1.00181
1.00168
1.00153
1.00137
1.0012
1.00101
1.00082
1.00063
1.00042
1.00021
1
0.99979
0.999579
0.999371
0.999167
0.99897
0.99878
0.998599
1.00242
1.00239
1.00236
1.0023
1.00222
1.00213
1.00202
1.0019
1.00176
1.0016
1.00143
1.00125
1.00106
1.00086
1.00065
1.00043
1.00022
0.999994
0.999771
0.999549
0.99933
0.999116
0.998908
0.998708
0.998518
1.00254
1.00252
1.00247
1.00241
1.00234
1.00224
1.00212
1.00199
1.00184
1.00168
1.0015
1.00131
1.00111
1.0009
1.00068
1.00045
1.00022
0.999985
0.999751
0.999517
0.999287
0.999062
0.998843
0.998632
0.998432
1.00266
1.00264
1.0026
1.00254
1.00245
1.00235
1.00223
1.00209
1.00193
1.00176
1.00157
1.00137
1.00116
1.00093
1.0007
1.00046
1.00022
0.999975
0.999729
0.999484
0.999241
0.999004
0.998774
0.998553
0.998341
1.0028
1.00278
1.00273
1.00266
1.00258
1.00247
1.00234
1.00219
1.00203
1.00184
1.00165
1.00143
1.00121
1.00097
1.00073
1.00048
1.00022
0.999965
0.999705
0.999447
0.999193
0.998944
0.998701
0.998468
0.998246
1.00294
1.00292
1.00287
1.0028
1.0027
1.00259
1.00245
1.0023
1.00212
1.00193
1.00172
1.0015
1.00126
1.00101
1.00076
1.00049
1.00022
0.999953
0.99968
0.999409
0.999141
0.998879
0.998625
0.99838
0.998146
1.00309
1.00306
1.00301
1.00294
1.00284
1.00272
1.00258
1.00241
1.00223
1.00202
1.0018
1.00157
1.00132
1.00106
1.00079
1.00051
1.00023
0.999939
0.999652
0.999367
0.999086
0.998811
0.998543
0.998286
0.99804
1.00325
1.00322
1.00317
1.00309
1.00298
1.00286
1.0027
1.00253
1.00234
1.00212
1.00189
1.00164
1.00138
1.0011
1.00082
1.00052
1.00023
0.999924
0.999623
0.999323
0.999027
0.998738
0.998457
0.998187
0.997928
1.00341
1.00338
1.00333
1.00324
1.00313
1.003
1.00284
1.00265
1.00245
1.00222
1.00198
1.00171
1.00144
1.00115
1.00085
1.00054
1.00022
0.999907
0.99959
0.999275
0.998965
0.998661
0.998366
0.998082
0.997811
1.00359
1.00356
1.0035
1.00341
1.00329
1.00315
1.00298
1.00278
1.00257
1.00233
1.00207
1.00179
1.0015
1.00119
1.00088
1.00055
1.00022
0.999888
0.999555
0.999224
0.998898
0.998579
0.99827
0.997972
0.997687
1.00377
1.00374
1.00367
1.00358
1.00346
1.00331
1.00313
1.00292
1.00269
1.00244
1.00216
1.00187
1.00156
1.00124
1.00091
1.00056
1.00022
0.999867
0.999517
0.999169
0.998827
0.998493
0.998168
0.997855
0.997556
1.00396
1.00393
1.00386
1.00376
1.00363
1.00347
1.00328
1.00306
1.00282
1.00255
1.00226
1.00195
1.00163
1.00129
1.00094
1.00058
1.00021
0.999843
0.999475
0.99911
0.998751
0.9984
0.998059
0.997731
0.997418
1.00416
1.00413
1.00406
1.00395
1.00381
1.00364
1.00344
1.00321
1.00296
1.00267
1.00237
1.00204
1.0017
1.00134
1.00097
1.00059
1.0002
0.999816
0.99943
0.999046
0.998669
0.998301
0.997944
0.997601
0.997272
1.00438
1.00434
1.00426
1.00415
1.00401
1.00383
1.00361
1.00337
1.0031
1.0028
1.00248
1.00213
1.00177
1.00139
1.001
1.0006
1.00019
0.999786
0.99938
0.998978
0.998582
0.998196
0.997822
0.997462
0.997118
1.0046
1.00456
1.00448
1.00436
1.00421
1.00402
1.00379
1.00354
1.00325
1.00293
1.00259
1.00222
1.00184
1.00144
1.00103
1.00061
1.00018
0.999752
0.999325
0.998903
0.998488
0.998084
0.997692
0.997316
0.996956
1.00484
1.0048
1.00471
1.00459
1.00442
1.00422
1.00398
1.00371
1.0034
1.00307
1.0027
1.00232
1.00191
1.00149
1.00106
1.00061
1.00016
0.999714
0.999266
0.998822
0.998388
0.997964
0.997554
0.997161
0.996784
1.00509
1.00504
1.00495
1.00482
1.00465
1.00443
1.00418
1.00389
1.00356
1.00321
1.00283
1.00242
1.00199
1.00154
1.00109
1.00062
1.00015
0.999671
0.9992
0.998735
0.998279
0.997836
0.997407
0.996996
0.996603
1.00535
1.0053
1.00521
1.00507
1.00488
1.00465
1.00438
1.00408
1.00373
1.00336
1.00295
1.00252
1.00207
1.0016
1.00111
1.00062
1.00012
0.999623
0.999128
0.99864
0.998162
0.997698
0.99725
0.996821
0.996411
1.00562
1.00557
1.00547
1.00532
1.00513
1.00488
1.0046
1.00427
1.00391
1.00351
1.00308
1.00262
1.00214
1.00165
1.00114
1.00062
1.00009
0.999568
0.999048
0.998536
0.998036
0.997551
0.997083
0.996635
0.996207
1.00591
1.00586
1.00575
1.00559
1.00538
1.00513
1.00482
1.00448
1.00409
1.00367
1.00321
1.00273
1.00222
1.0017
1.00116
1.00061
1.00006
0.999506
0.99896
0.998424
0.9979
0.997393
0.996904
0.996437
0.995992
1.00622
1.00616
1.00605
1.00588
1.00566
1.00538
1.00506
1.00469
1.00428
1.00383
1.00335
1.00284
1.0023
1.00175
1.00118
1.0006
1.00002
0.999437
0.998863
0.998301
0.997753
0.997222
0.996713
0.996226
0.995763
1.00654
1.00648
1.00636
1.00618
1.00594
1.00565
1.00531
1.00491
1.00448
1.004
1.00349
1.00295
1.00238
1.00179
1.00119
1.00058
0.999968
0.999358
0.998756
0.998166
0.997593
0.997039
0.996508
0.996001
0.995521
1.00687
1.00681
1.00668
1.00649
1.00624
1.00593
1.00556
1.00515
1.00468
1.00418
1.00363
1.00306
1.00246
1.00184
1.0012
1.00056
0.999911
0.999269
0.998637
0.998019
0.997419
0.996841
0.996288
0.995762
0.995263
1.00723
1.00716
1.00702
1.00682
1.00655
1.00622
1.00583
1.00539
1.0049
1.00436
1.00378
1.00317
1.00253
1.00187
1.0012
1.00052
0.999844
0.999169
0.998505
0.997858
0.99723
0.996628
0.996052
0.995505
0.994989
1.0076
1.00753
1.00738
1.00716
1.00688
1.00652
1.00611
1.00564
1.00511
1.00454
1.00393
1.00328
1.00261
1.00191
1.0012
1.00048
0.999765
0.999056
0.998359
0.99768
0.997025
0.996397
0.995798
0.995231
0.994697
1.00799
1.00791
1.00776
1.00752
1.00722
1.00684
1.0064
1.0059
1.00534
1.00473
1.00408
1.00339
1.00268
1.00194
1.00119
1.00043
0.999674
0.998927
0.998196
0.997485
0.996801
0.996146
0.995524
0.994937
0.994386
1.0084
1.00832
1.00815
1.0079
1.00758
1.00718
1.00671
1.00617
1.00557
1.00493
1.00423
1.0035
1.00274
1.00196
1.00116
1.00036
0.999568
0.998782
0.998014
0.99727
0.996556
0.995874
0.995229
0.994622
0.994053
1.00883
1.00874
1.00856
1.0083
1.00795
1.00752
1.00702
1.00645
1.00581
1.00512
1.00439
1.00361
1.0028
1.00197
1.00113
1.00028
0.999444
0.998618
0.997812
0.997033
0.996288
0.995579
0.99491
0.994283
0.993698
1.00928
1.00919
1.009
1.00871
1.00834
1.00788
1.00735
1.00674
1.00606
1.00532
1.00454
1.00371
1.00285
1.00197
1.00108
1.00019
0.999302
0.998432
0.997586
0.996772
0.995994
0.995257
0.994565
0.993919
0.993318
1.00976
1.00965
1.00945
1.00915
1.00875
1.00826
1.00768
1.00703
1.00631
1.00552
1.00469
1.00381
1.00289
1.00196
1.00102
1.00007
0.999136
0.998221
0.997334
0.996482
0.995671
0.994907
0.994191
0.993526
0.992912
1.01025
1.01014
1.00992
1.0096
1.00917
1.00865
1.00803
1.00733
1.00656
1.00572
1.00483
1.00389
1.00292
1.00193
1.00093
0.999932
0.998946
0.997983
0.997052
0.996161
0.995317
0.994524
0.993785
0.993103
0.992475
1.01077
1.01065
1.01042
1.01007
1.00961
1.00905
1.00839
1.00764
1.00682
1.00592
1.00497
1.00397
1.00294
1.00189
1.00082
0.999767
0.998726
0.997712
0.996736
0.995805
0.994927
0.994106
0.993344
0.992645
0.992007
1.01131
1.01118
1.01093
1.01056
1.01007
1.00946
1.00876
1.00796
1.00708
1.00612
1.0051
1.00404
1.00294
1.00182
1.00069
0.999572
0.998473
0.997406
0.996382
0.99541
0.994497
0.993647
0.992865
0.99215
0.991503
1.01187
1.01174
1.01147
1.01106
1.01054
1.00989
1.00914
1.00828
1.00733
1.00631
1.00522
1.00408
1.00291
1.00172
1.00053
0.999342
0.998182
0.997059
0.995986
0.994971
0.994022
0.993145
0.992342
0.991615
0.99096
1.01246
1.01231
1.01202
1.01159
1.01102
1.01033
1.00952
1.0086
1.00759
1.00649
1.00533
1.00411
1.00286
1.0016
1.00033
0.999072
0.997847
0.996666
0.99554
0.994482
0.993498
0.992593
0.991772
0.991033
0.990374
1.01307
1.01291
1.0126
1.01213
1.01153
1.01078
1.00991
1.00892
1.00783
1.00666
1.00542
1.00412
1.00278
1.00144
1.00009
0.998757
0.997463
0.99622
0.995041
0.993937
0.992917
0.991986
0.991147
0.990399
0.989737
1.0137
1.01353
1.01319
1.01269
1.01204
1.01124
1.0103
1.00924
1.00807
1.00681
1.00548
1.00409
1.00267
1.00123
0.999798
0.998389
0.997022
0.995714
0.994479
0.993329
0.992273
0.991316
0.990461
0.989703
0.989034
1.01435
1.01417
1.01381
1.01327
1.01256
1.0117
1.01069
1.00955
1.0083
1.00695
1.00552
1.00403
1.00251
1.00098
0.999454
0.99796
0.996515
0.995139
0.993846
0.992648
0.991555
0.990571
0.989696
0.988924
0.98824
1.01502
1.01483
1.01443
1.01385
1.01309
1.01216
1.01108
1.00985
1.0085
1.00705
1.00552
1.00393
1.0023
1.00067
0.999045
0.99746
0.995933
0.994484
0.993129
0.99188
0.990745
0.989729
0.988827
0.988029
0.987305
1.01571
1.0155
1.01508
1.01445
1.01363
1.01263
1.01146
1.01014
1.00868
1.00712
1.00548
1.00377
1.00203
1.00029
0.99856
0.996877
0.995261
0.993732
0.992307
0.990998
0.989813
0.988751
0.987805
0.986953
0.986152
1.01642
1.01619
1.01573
1.01505
1.01417
1.01308
1.01182
1.0104
1.00883
1.00716
1.00539
1.00356
1.00169
0.999825
0.99798
0.996187
0.994471
0.99285
0.991341
0.989957
0.988701
0.987569
0.98655
0.985601
0.984694
1.01713
1.01688
1.01639
1.01566
1.0147
1.01353
1.01217
1.01063
1.00894
1.00713
1.00523
1.00326
1.00126
0.999249
0.997271
0.995352
0.993515
0.991779
0.990162
0.988674
0.987314
0.986082
0.984942
0.983865
0.982834
1.01786
1.01759
1.01705
1.01626
1.01522
1.01396
1.01248
1.01081
1.00899
1.00703
1.00497
1.00284
1.00068
0.998507
0.996368
0.994293
0.992304
0.990419
0.988656
0.987024
0.985527
0.984145
0.98286
0.981667
0.980524
1.0186
1.0183
1.01772
1.01686
1.01573
1.01435
1.01274
1.01092
1.00894
1.0068
1.00456
1.00224
0.99988
0.997499
0.99516
0.992889
0.990702
0.988623
0.986675
0.984866
0.983193
0.981667
0.980283
0.979016
0.977865
1.01934
1.01902
1.01838
1.01743
1.01619
1.01467
1.0129
1.01091
1.00872
1.00637
1.0039
1.00134
0.998736
0.996079
0.993493
0.990986
0.988561
0.986254
0.984099
0.982112
0.980309
0.9787
0.977298
0.976106
0.975146
1.02007
1.01971
1.019
1.01794
1.01656
1.01487
1.0129
1.01068
1.00824
1.00562
1.00286
1.00001
0.997086
0.994129
0.99124
0.988484
0.985817
0.983294
0.980972
0.978884
0.977057
0.97551
0.974267
0.973343
0.972743
1.02075
1.02035
1.01955
1.01836
1.0168
1.01489
1.01267
1.01017
1.00743
1.00449
1.00138
0.998195
0.994957
0.991712
0.988515
0.985495
0.982646
0.980009
0.977644
0.975603
0.973916
0.972605
0.971682
0.971141
0.970958
1.02136
1.0209
1.01999
1.01864
1.01688
1.01474
1.01224
1.00943
1.00637
1.00311
0.999675
0.996148
0.992634
0.98916
0.985763
0.982556
0.979641
0.977028
0.974767
0.972908
0.971474
0.970472
0.969889
0.969693
0.96983
1.0219
1.0214
1.02039
1.01891
1.01697
1.01461
1.01187
1.00881
1.00547
1.00195
0.998281
0.994538
0.990817
0.987187
0.983714
0.980494
0.977596
0.975064
0.97294
0.971255
0.97002
0.969227
0.968845
0.968829
0.969117
1.02236
1.02183
1.02077
1.0192
1.01717
1.01469
1.01183
1.00864
1.00517
1.00151
0.997735
0.9939
0.990102
0.986424
0.982921
0.979688
0.976795
0.974289
0.972205
0.970568
0.969383
0.968636
0.968296
0.968317
0.968638
0.999689
0.999907
1.00004
1.00001
0.999935
0.999884
0.999852
0.999823
0.999792
0.999763
0.999739
0.999721
0.99971
0.999706
0.999703
0.999699
0.999692
0.999683
0.999674
0.99965
0.999675
0.999551
0.998963
0.997825
0.997992
0.999824
0.999871
0.999952
0.999939
0.99989
0.99985
0.999823
0.999798
0.999773
0.999749
0.99973
0.999718
0.999712
0.99971
0.999706
0.999701
0.999694
0.999686
0.999676
0.999655
0.999682
0.999536
0.998873
0.99773
0.9979
0.999899
0.99987
0.999906
0.999898
0.999858
0.999824
0.999801
0.999781
0.999759
0.99974
0.999726
0.999718
0.999714
0.999711
0.999707
0.999702
0.999696
0.999689
0.999679
0.999661
0.999685
0.999524
0.998844
0.997679
0.997816
0.999822
0.999832
0.999859
0.999864
0.999838
0.999811
0.999788
0.999769
0.99975
0.999734
0.999724
0.999718
0.999715
0.999712
0.999709
0.999704
0.999699
0.999693
0.999683
0.999668
0.999689
0.999509
0.998792
0.997614
0.997729
0.999875
0.999846
0.999843
0.999836
0.999814
0.999789
0.99977
0.999756
0.999741
0.99973
0.999722
0.999717
0.999714
0.999712
0.99971
0.999707
0.999702
0.999698
0.999687
0.999677
0.999693
0.999492
0.998753
0.997557
0.997603
0.999827
0.99981
0.999808
0.999807
0.999794
0.999777
0.999761
0.999747
0.999735
0.999726
0.99972
0.999716
0.999714
0.999712
0.999711
0.999709
0.999706
0.999703
0.999693
0.999688
0.999702
0.99948
0.998719
0.997485
0.997454
0.999825
0.99981
0.999801
0.999793
0.99978
0.999764
0.999751
0.999739
0.999729
0.999722
0.999717
0.999714
0.999712
0.999711
0.999712
0.999711
0.99971
0.999709
0.9997
0.9997
0.999714
0.999469
0.998689
0.997415
0.997293
0.999816
0.999798
0.999786
0.999778
0.999767
0.999755
0.999743
0.999733
0.999724
0.999718
0.999713
0.999711
0.99971
0.999711
0.999712
0.999713
0.999714
0.999715
0.999708
0.999715
0.999723
0.999458
0.998654
0.997343
0.997124
0.999811
0.999793
0.99978
0.999769
0.999759
0.999747
0.999735
0.999725
0.999717
0.999712
0.999708
0.999707
0.999707
0.999709
0.999712
0.999716
0.999718
0.999722
0.999717
0.99973
0.999732
0.999444
0.998611
0.997265
0.996951
0.999807
0.999788
0.999773
0.999761
0.99975
0.999738
0.999727
0.999717
0.99971
0.999705
0.999703
0.999703
0.999704
0.999708
0.999712
0.999718
0.999723
0.999728
0.999726
0.999745
0.99974
0.999426
0.998566
0.99718
0.99678
0.999803
0.999782
0.999766
0.999752
0.99974
0.999729
0.999717
0.999708
0.999702
0.999698
0.999697
0.999698
0.999701
0.999706
0.999712
0.999719
0.999727
0.999735
0.999735
0.99976
0.999746
0.999405
0.998515
0.997089
0.996617
0.999797
0.999775
0.999758
0.999743
0.99973
0.999718
0.999707
0.999698
0.999693
0.99969
0.99969
0.999692
0.999697
0.999703
0.999712
0.999721
0.999731
0.999741
0.999745
0.999774
0.999749
0.99938
0.998461
0.996991
0.996458
0.99979
0.999767
0.999749
0.999733
0.999719
0.999707
0.999696
0.999688
0.999683
0.999681
0.999682
0.999686
0.999692
0.9997
0.999711
0.999722
0.999735
0.999747
0.999754
0.999788
0.99975
0.999351
0.998405
0.996891
0.996297
0.999782
0.999758
0.999739
0.999722
0.999707
0.999695
0.999684
0.999676
0.999672
0.999671
0.999674
0.999679
0.999687
0.999697
0.999709
0.999723
0.999739
0.999753
0.999764
0.999801
0.999748
0.999317
0.998348
0.99679
0.996126
0.999773
0.999748
0.999728
0.99971
0.999694
0.999681
0.999671
0.999664
0.99966
0.999661
0.999664
0.999671
0.99968
0.999692
0.999707
0.999723
0.999742
0.999759
0.999774
0.999814
0.999746
0.99928
0.998283
0.996683
0.995947
0.999763
0.999737
0.999716
0.999697
0.999681
0.999667
0.999657
0.999651
0.999648
0.999649
0.999654
0.999662
0.999673
0.999687
0.999704
0.999723
0.999745
0.999764
0.999785
0.999828
0.99974
0.999241
0.998213
0.996575
0.995768
0.999752
0.999725
0.999702
0.999683
0.999666
0.999652
0.999642
0.999636
0.999634
0.999636
0.999643
0.999652
0.999665
0.999682
0.999701
0.999722
0.999748
0.99977
0.999796
0.999842
0.999732
0.999201
0.998138
0.996465
0.995589
0.99974
0.999712
0.999688
0.999667
0.99965
0.999636
0.999626
0.99962
0.999619
0.999622
0.99963
0.999641
0.999656
0.999675
0.999697
0.999721
0.99975
0.999775
0.999807
0.999854
0.999722
0.999159
0.998058
0.99635
0.995411
0.999727
0.999698
0.999673
0.999651
0.999633
0.999619
0.999609
0.999603
0.999603
0.999607
0.999616
0.999629
0.999646
0.999667
0.999692
0.999719
0.999751
0.999779
0.999818
0.999864
0.999709
0.999111
0.997969
0.996227
0.995233
0.999713
0.999683
0.999657
0.999634
0.999615
0.9996
0.99959
0.999585
0.999585
0.999591
0.999601
0.999615
0.999635
0.999658
0.999685
0.999716
0.999751
0.999783
0.999828
0.999873
0.99969
0.999055
0.997869
0.99609
0.995052
0.999699
0.999667
0.999639
0.999615
0.999596
0.99958
0.99957
0.999566
0.999566
0.999572
0.999584
0.9996
0.999622
0.999648
0.999678
0.999712
0.99975
0.999786
0.999837
0.99988
0.999665
0.99899
0.997758
0.995944
0.994871
0.999683
0.999649
0.99962
0.999595
0.999575
0.999559
0.999549
0.999544
0.999546
0.999553
0.999565
0.999584
0.999607
0.999636
0.999669
0.999706
0.999748
0.999787
0.999845
0.999884
0.999633
0.998916
0.997639
0.995794
0.994694
0.999666
0.999631
0.9996
0.999573
0.999552
0.999536
0.999526
0.999521
0.999523
0.999531
0.999545
0.999565
0.999591
0.999622
0.999658
0.999699
0.999745
0.999788
0.999851
0.999884
0.999593
0.998835
0.997513
0.995648
0.994526
0.999647
0.99961
0.999578
0.99955
0.999528
0.999511
0.999501
0.999496
0.999499
0.999508
0.999523
0.999545
0.999573
0.999607
0.999646
0.99969
0.99974
0.999787
0.999856
0.99988
0.999546
0.998748
0.997384
0.995506
0.994366
0.999627
0.999588
0.999554
0.999525
0.999502
0.999485
0.999474
0.99947
0.999472
0.999482
0.999499
0.999523
0.999553
0.99959
0.999632
0.99968
0.999733
0.999785
0.999859
0.999872
0.99949
0.998654
0.997248
0.995365
0.994213
0.999606
0.999565
0.999529
0.999499
0.999474
0.999456
0.999445
0.999441
0.999444
0.999455
0.999473
0.999498
0.999531
0.99957
0.999616
0.999668
0.999725
0.999781
0.99986
0.999859
0.999428
0.998552
0.997106
0.995223
0.994062
0.999584
0.99954
0.999502
0.99947
0.999445
0.999426
0.999414
0.99941
0.999413
0.999425
0.999444
0.999472
0.999507
0.999549
0.999597
0.999653
0.999714
0.999775
0.999859
0.99984
0.99936
0.998445
0.996958
0.995077
0.99391
0.999559
0.999514
0.999474
0.99944
0.999413
0.999393
0.999381
0.999376
0.99938
0.999393
0.999413
0.999442
0.99948
0.999525
0.999577
0.999637
0.999701
0.999768
0.999855
0.999815
0.999284
0.998331
0.996803
0.994925
0.993756
0.999533
0.999485
0.999443
0.999407
0.999379
0.999358
0.999345
0.99934
0.999345
0.999358
0.999379
0.99941
0.99945
0.999498
0.999553
0.999618
0.999686
0.999758
0.999847
0.999783
0.999199
0.998212
0.996643
0.99477
0.9936
0.999506
0.999455
0.999411
0.999373
0.999343
0.99932
0.999307
0.999302
0.999306
0.99932
0.999343
0.999375
0.999417
0.999468
0.999527
0.999596
0.999668
0.999745
0.999836
0.999744
0.999105
0.998086
0.996479
0.994612
0.993443
0.999477
0.999423
0.999376
0.999336
0.999304
0.99928
0.999266
0.99926
0.999265
0.999279
0.999303
0.999337
0.999381
0.999435
0.999498
0.99957
0.999646
0.999729
0.999821
0.999696
0.999002
0.99795
0.99631
0.994452
0.993288
0.999445
0.999389
0.999339
0.999297
0.999263
0.999238
0.999222
0.999216
0.99922
0.999235
0.99926
0.999295
0.999342
0.999399
0.999465
0.999542
0.999622
0.99971
0.9998
0.999639
0.99889
0.997805
0.996136
0.994291
0.993134
0.999412
0.999352
0.9993
0.999255
0.999219
0.999192
0.999175
0.999168
0.999172
0.999187
0.999213
0.99925
0.999299
0.999358
0.999428
0.999509
0.999593
0.999687
0.999774
0.999572
0.998768
0.997651
0.995956
0.994126
0.99298
0.999377
0.999314
0.999258
0.99921
0.999172
0.999143
0.999125
0.999117
0.99912
0.999135
0.999162
0.999201
0.999252
0.999314
0.999388
0.999473
0.99956
0.999659
0.99974
0.999495
0.998635
0.997488
0.99577
0.993955
0.992822
0.99934
0.999273
0.999213
0.999163
0.999122
0.999091
0.999071
0.999062
0.999065
0.99908
0.999107
0.999148
0.9992
0.999265
0.999342
0.999431
0.999522
0.999626
0.999698
0.999406
0.998492
0.997313
0.995575
0.993777
0.992658
0.9993
0.999229
0.999166
0.999113
0.999069
0.999036
0.999014
0.999003
0.999006
0.999021
0.999048
0.99909
0.999144
0.999212
0.999292
0.999384
0.999478
0.999587
0.999648
0.999304
0.998336
0.997127
0.99537
0.993589
0.992486
0.999258
0.999183
0.999116
0.999059
0.999012
0.998977
0.998953
0.998941
0.998942
0.998957
0.998985
0.999027
0.999083
0.999154
0.999237
0.999332
0.999429
0.999542
0.999587
0.999187
0.998167
0.996926
0.995155
0.993389
0.992303
0.999213
0.999134
0.999063
0.999002
0.998952
0.998914
0.998887
0.998874
0.998874
0.998888
0.998916
0.998959
0.999017
0.99909
0.999176
0.999273
0.999373
0.999489
0.999515
0.999056
0.997983
0.99671
0.994925
0.993174
0.992105
0.999166
0.999082
0.999007
0.998942
0.998888
0.998847
0.998818
0.998803
0.998801
0.998815
0.998843
0.998887
0.998946
0.99902
0.999109
0.999208
0.999311
0.999427
0.999431
0.998907
0.997783
0.996477
0.994681
0.992942
0.991891
0.999116
0.999027
0.998947
0.998878
0.998821
0.998776
0.998744
0.998726
0.998724
0.998736
0.998764
0.998808
0.998868
0.998944
0.999035
0.999135
0.99924
0.999357
0.999332
0.998739
0.997565
0.996228
0.994421
0.992696
0.991663
0.999063
0.998968
0.998884
0.99881
0.998749
0.9987
0.998666
0.998646
0.998641
0.998652
0.998679
0.998723
0.998784
0.998861
0.998954
0.999055
0.999162
0.999278
0.999217
0.998551
0.997333
0.995964
0.994148
0.992435
0.991422
0.999007
0.998906
0.998817
0.998738
0.998673
0.99862
0.998582
0.998559
0.998552
0.998562
0.998588
0.998632
0.998694
0.998772
0.998865
0.998967
0.999076
0.999187
0.999085
0.998343
0.997086
0.995685
0.993861
0.992163
0.991168
0.998947
0.998841
0.998746
0.998662
0.998592
0.998535
0.998494
0.998468
0.998458
0.998466
0.998491
0.998535
0.998596
0.998674
0.998769
0.998871
0.998981
0.999085
0.998934
0.998116
0.996823
0.995392
0.993563
0.991878
0.990904
0.998884
0.998772
0.998671
0.998582
0.998507
0.998446
0.9984
0.998371
0.998358
0.998364
0.998387
0.99843
0.998491
0.998569
0.998664
0.998765
0.998877
0.998971
0.998763
0.997869
0.996544
0.995085
0.993252
0.991582
0.990626
0.998818
0.998699
0.998592
0.998497
0.998417
0.998351
0.998301
0.998267
0.998252
0.998255
0.998277
0.998318
0.998378
0.998456
0.99855
0.99865
0.998762
0.998842
0.998572
0.997604
0.996249
0.994764
0.99293
0.991274
0.990335
0.998748
0.998622
0.998509
0.998408
0.998321
0.99825
0.998195
0.998158
0.998139
0.998139
0.998158
0.998197
0.998256
0.998334
0.998426
0.998526
0.998637
0.998698
0.998359
0.99732
0.995937
0.994428
0.992594
0.990953
0.99003
0.998675
0.998541
0.998421
0.998313
0.998221
0.998144
0.998084
0.998042
0.998019
0.998016
0.998032
0.998069
0.998126
0.998202
0.998292
0.998391
0.998501
0.998536
0.998122
0.997018
0.99561
0.994077
0.992245
0.990618
0.989711
0.998597
0.998456
0.998328
0.998214
0.998115
0.998032
0.997967
0.99792
0.997892
0.997885
0.997898
0.997932
0.997987
0.99806
0.998148
0.998246
0.998351
0.998354
0.997861
0.996698
0.995266
0.99371
0.991881
0.990269
0.989376
0.998515
0.998366
0.99823
0.998109
0.998003
0.997914
0.997842
0.99779
0.997757
0.997746
0.997755
0.997786
0.997837
0.997908
0.997992
0.998089
0.998188
0.998149
0.997574
0.996358
0.994906
0.993325
0.991502
0.989904
0.989023
0.998429
0.998271
0.998127
0.997998
0.997885
0.997789
0.997711
0.997653
0.997615
0.997598
0.997603
0.99763
0.997678
0.997745
0.997825
0.997919
0.998009
0.997919
0.997261
0.995997
0.994524
0.992922
0.991104
0.989524
0.988653
0.998338
0.998172
0.998019
0.997881
0.99776
0.997657
0.997573
0.997508
0.997464
0.997442
0.997442
0.997464
0.997507
0.99757
0.997647
0.997738
0.997813
0.997662
0.996924
0.995619
0.994128
0.992504
0.990695
0.989128
0.988264
0.998243
0.998066
0.997905
0.997759
0.99763
0.997519
0.997427
0.997355
0.997305
0.997276
0.99727
0.997287
0.997326
0.997383
0.997455
0.997542
0.997597
0.997376
0.996563
0.995221
0.993711
0.992068
0.990265
0.988709
0.987847
0.998142
0.997956
0.997785
0.99763
0.997492
0.997373
0.997273
0.997194
0.997137
0.997101
0.997089
0.997099
0.997132
0.997183
0.997251
0.997331
0.997358
0.997058
0.996174
0.994801
0.993271
0.991611
0.989814
0.988265
0.987404
0.998036
0.99784
0.997659
0.997494
0.997347
0.997219
0.997111
0.997024
0.996959
0.996916
0.996897
0.9969
0.996926
0.99697
0.997032
0.997104
0.997094
0.996708
0.995759
0.994356
0.992807
0.991132
0.98934
0.987796
0.986932
0.997924
0.997717
0.997526
0.997352
0.997195
0.997058
0.996941
0.996846
0.996772
0.996721
0.996694
0.996689
0.996707
0.996744
0.996799
0.996857
0.9968
0.996325
0.995313
0.993884
0.992316
0.990629
0.988842
0.9873
0.986429
0.997807
0.997589
0.997387
0.997202
0.997035
0.996889
0.996762
0.996657
0.996575
0.996515
0.996479
0.996466
0.996474
0.996503
0.99655
0.99659
0.996472
0.995907
0.994837
0.993384
0.991798
0.9901
0.988315
0.986772
0.985895
0.997683
0.997453
0.99724
0.997044
0.996868
0.996711
0.996574
0.99646
0.996368
0.996298
0.996252
0.99623
0.996228
0.996248
0.996284
0.996298
0.996105
0.995449
0.99433
0.992854
0.991251
0.98954
0.987757
0.986211
0.985327
0.997553
0.997311
0.997086
0.996879
0.996692
0.996524
0.996377
0.996252
0.99615
0.99607
0.996014
0.99598
0.995967
0.995977
0.996
0.995979
0.995698
0.994952
0.993787
0.99229
0.990669
0.988946
0.987164
0.985614
0.984723
0.997416
0.997162
0.996925
0.996706
0.996507
0.996328
0.996171
0.996035
0.995921
0.99583
0.995762
0.995716
0.995692
0.99569
0.995695
0.995628
0.995249
0.994412
0.993205
0.991686
0.990051
0.988316
0.986534
0.984981
0.984082
0.997272
0.997004
0.996755
0.996524
0.996314
0.996123
0.995954
0.995807
0.995681
0.995578
0.995498
0.995439
0.995402
0.995386
0.995367
0.995238
0.994754
0.993829
0.99258
0.99104
0.989392
0.987645
0.985864
0.98431
0.983407
0.99712
0.996839
0.996577
0.996334
0.996111
0.995909
0.995728
0.995568
0.99543
0.995314
0.995221
0.995148
0.995097
0.995064
0.995014
0.994804
0.994208
0.993201
0.991911
0.99035
0.988688
0.986932
0.985154
0.983604
0.9827
0.99696
0.996666
0.99639
0.996134
0.995899
0.995684
0.995491
0.995318
0.995167
0.995038
0.99493
0.994842
0.994776
0.994722
0.994631
0.994324
0.993609
0.992528
0.991195
0.989613
0.987938
0.986176
0.984405
0.982865
0.981965
0.996791
0.996483
0.996194
0.995925
0.995677
0.99545
0.995243
0.995058
0.994893
0.994749
0.994626
0.994522
0.994439
0.994358
0.994211
0.993791
0.992955
0.991805
0.990427
0.988828
0.987141
0.985378
0.98362
0.982099
0.981211
0.996614
0.996291
0.995989
0.995706
0.995445
0.995204
0.994985
0.994786
0.994607
0.994448
0.994308
0.994188
0.994086
0.993971
0.993748
0.993202
0.992246
0.991029
0.989607
0.987992
0.986299
0.984542
0.982806
0.981315
0.980446
0.996427
0.99609
0.995773
0.995477
0.995203
0.994949
0.994716
0.994503
0.994309
0.994134
0.993978
0.99384
0.993713
0.993557
0.993236
0.992552
0.991481
0.990198
0.988734
0.987109
0.985415
0.983674
0.981971
0.980522
0.97968
0.99623
0.995878
0.995547
0.995237
0.994949
0.994682
0.994435
0.994208
0.993999
0.993808
0.993635
0.993478
0.993321
0.993109
0.99267
0.991838
0.990661
0.989314
0.987811
0.986181
0.984498
0.982783
0.981125
0.979731
0.978924
0.996022
0.995655
0.995309
0.994986
0.994685
0.994404
0.994143
0.993902
0.993678
0.99347
0.993279
0.9931
0.992907
0.992618
0.992042
0.991058
0.989784
0.988375
0.986842
0.985216
0.983556
0.981881
0.980282
0.978956
0.978191
0.995802
0.99542
0.995061
0.994724
0.994409
0.994115
0.99384
0.993584
0.993344
0.99312
0.992911
0.992706
0.992467
0.992079
0.991347
0.990214
0.988849
0.987387
0.985836
0.984225
0.982602
0.980982
0.979456
0.978209
0.977493
0.99557
0.995173
0.9948
0.994449
0.994121
0.993814
0.993526
0.993255
0.993
0.992759
0.992531
0.992294
0.991994
0.99148
0.99058
0.989307
0.987861
0.986359
0.984806
0.983221
0.981652
0.980102
0.978662
0.977505
0.976845
0.995326
0.994913
0.994526
0.994162
0.993821
0.993501
0.993199
0.992915
0.992644
0.992388
0.992136
0.99186
0.991479
0.990814
0.989739
0.988339
0.986827
0.985303
0.983767
0.982224
0.980722
0.979256
0.977917
0.976856
0.976259
0.995067
0.99464
0.994238
0.993862
0.993508
0.993176
0.992861
0.992563
0.992278
0.992005
0.991727
0.9914
0.99091
0.990073
0.988824
0.987317
0.985759
0.984235
0.982735
0.981252
0.979832
0.978462
0.977233
0.976275
0.975744
0.994793
0.994351
0.993937
0.993548
0.993182
0.992838
0.992512
0.992201
0.991903
0.991611
0.991298
0.990903
0.990273
0.989251
0.987842
0.986249
0.984674
0.983178
0.981732
0.980326
0.978998
0.977736
0.976624
0.97577
0.975306
0.994503
0.994047
0.99362
0.993219
0.992843
0.992488
0.992151
0.991828
0.991517
0.991202
0.990845
0.990355
0.989559
0.988345
0.9868
0.985154
0.983594
0.982155
0.98078
0.979464
0.978238
0.977089
0.976099
0.975349
0.974951
0.994196
0.993726
0.993287
0.992876
0.99249
0.992125
0.991778
0.991445
0.99112
0.990776
0.990358
0.989741
0.988756
0.98736
0.98571
0.984054
0.982547
0.981187
0.979899
0.978683
0.977564
0.976533
0.975663
0.975015
0.97468
0.99387
0.993388
0.992938
0.992517
0.992122
0.991749
0.991394
0.991052
0.990708
0.990324
0.989821
0.989044
0.987861
0.986307
0.984596
0.982975
0.98156
0.980298
0.979105
0.977994
0.976986
0.976072
0.975318
0.974768
0.974491
0.993523
0.99303
0.99257
0.992141
0.991739
0.99136
0.990998
0.990646
0.990276
0.989836
0.989214
0.98825
0.986874
0.985199
0.983486
0.98195
0.980656
0.979503
0.978411
0.977407
0.976508
0.975708
0.975063
0.974606
0.97438
0.993155
0.992651
0.992183
0.991748
0.991341
0.990958
0.99059
0.990222
0.989815
0.989293
0.988515
0.987351
0.985806
0.984069
0.982412
0.981011
0.979855
0.978815
0.977823
0.976923
0.97613
0.975439
0.974895
0.974521
0.974341
0.992763
0.99225
0.991776
0.991337
0.990927
0.990541
0.990166
0.989774
0.98931
0.98867
0.987706
0.986347
0.984678
0.98295
0.981413
0.98018
0.979169
0.978237
0.977341
0.97654
0.975849
0.975259
0.974806
0.974507
0.974367
0.992346
0.991826
0.991348
0.990907
0.990496
0.990107
0.989717
0.989287
0.988738
0.987939
0.986776
0.985246
0.983525
0.981881
0.980521
0.979473
0.978602
0.977766
0.976961
0.976253
0.975657
0.975161
0.974787
0.974554
0.974448
0.991901
0.991376
0.990896
0.990455
0.990045
0.989649
0.989233
0.988741
0.988065
0.98708
0.985722
0.984079
0.982389
0.980906
0.97976
0.978897
0.978148
0.977395
0.976674
0.976054
0.975545
0.975135
0.974833
0.974655
0.974576
0.991426
0.990899
0.99042
0.989981
0.989568
0.989155
0.988693
0.988103
0.987261
0.986079
0.984562
0.98289
0.981321
0.980059
0.979139
0.978444
0.977794
0.977113
0.976471
0.975932
0.975503
0.975169
0.974932
0.974799
0.974744
0.990918
0.990391
0.989915
0.989477
0.989054
0.988605
0.988067
0.987333
0.986304
0.984936
0.983336
0.981733
0.980368
0.979358
0.978657
0.9781
0.977524
0.976906
0.976338
0.975876
0.975519
0.975253
0.975073
0.974978
0.974943
0.990374
0.989849
0.989375
0.98893
0.98848
0.987969
0.98731
0.986403
0.985179
0.983684
0.982098
0.980666
0.979563
0.978811
0.978298
0.977843
0.977322
0.976763
0.976265
0.975873
0.97558
0.975373
0.975243
0.975179
0.975162
0.989788
0.989265
0.988786
0.988318
0.987814
0.987201
0.986383
0.985284
0.983906
0.982377
0.980919
0.979739
0.978922
0.978405
0.978038
0.977651
0.977172
0.976669
0.976239
0.975911
0.975676
0.97552
0.975431
0.975394
0.97539
0.989149
0.988621
0.988121
0.987604
0.987009
0.98625
0.985248
0.983982
0.982534
0.98109
0.979864
0.978984
0.97844
0.978114
0.977846
0.977501
0.977061
0.976616
0.976248
0.975979
0.975796
0.975683
0.975628
0.975613
0.975621
0.988438
0.987887
0.987337
0.986736
0.986007
0.985073
0.983902
0.982543
0.981145
0.979907
0.978983
0.978409
0.978096
0.977907
0.977697
0.977379
0.976978
0.976591
0.976283
0.976067
0.975929
0.975854
0.975827
0.97583
0.975846
0.987615
0.987011
0.986378
0.985649
0.984753
0.983657
0.982386
0.981052
0.979837
0.978898
0.978299
0.977996
0.977853
0.977747
0.977568
0.977273
0.976915
0.976585
0.976333
0.976164
0.976067
0.976024
0.976021
0.976039
0.97606
0.986618
0.985929
0.98517
0.984279
0.983234
0.982041
0.980785
0.979621
0.978702
0.978103
0.977808
0.977707
0.97767
0.977609
0.977445
0.977176
0.976866
0.976591
0.976389
0.976263
0.976201
0.976186
0.976203
0.976232
0.976258
0.985374
0.984559
0.983641
0.982615
0.981489
0.980319
0.979231
0.978366
0.9778
0.977527
0.977471
0.977492
0.977516
0.977472
0.977321
0.977084
0.976823
0.976601
0.976445
0.976357
0.976325
0.976334
0.976367
0.976406
0.976436
0.983791
0.982823
0.981786
0.980708
0.979627
0.978639
0.977861
0.977365
0.977145
0.977137
0.977225
0.977317
0.977366
0.977329
0.977195
0.976994
0.976783
0.97661
0.976495
0.976439
0.976433
0.976462
0.976509
0.976555
0.976588
0.981793
0.98073
0.97968
0.978689
0.977822
0.977165
0.976775
0.976642
0.976705
0.976866
0.977028
0.977151
0.977207
0.977178
0.977066
0.976906
0.976743
0.976613
0.976534
0.976505
0.97652
0.976565
0.976622
0.976675
0.97671
0.979425
0.978402
0.977497
0.976766
0.976262
0.976013
0.976001
0.976161
0.976408
0.976653
0.976848
0.976981
0.97704
0.977023
0.976939
0.97682
0.9767
0.976609
0.976559
0.976553
0.976584
0.976639
0.976704
0.976761
0.976798
0.976873
0.976068
0.975485
0.975152
0.975072
0.975208
0.97549
0.975841
0.97618
0.976458
0.976666
0.976803
0.97687
0.976871
0.976817
0.976736
0.976655
0.976596
0.976571
0.976581
0.976622
0.976685
0.976753
0.976812
0.97685
0.974447
0.974021
0.973869
0.973967
0.974265
0.974684
0.975153
0.975596
0.975971
0.976263
0.976478
0.976623
0.976704
0.976727
0.976703
0.976656
0.976608
0.976576
0.976569
0.97659
0.976638
0.976703
0.976771
0.976829
0.976867
0.972463
0.972478
0.972743
0.973191
0.973746
0.974332
0.974887
0.975368
0.97576
0.976065
0.976292
0.976452
0.976552
0.976597
0.976602
0.976584
0.976562
0.97655
0.976556
0.976585
0.976634
0.976697
0.976763
0.976819
0.976856
0.971088
0.97147
0.972029
0.97269
0.97338
0.974041
0.974633
0.975136
0.975547
0.975871
0.976118
0.976299
0.97642
0.976489
0.976518
0.976523
0.97652
0.976522
0.976537
0.976569
0.976617
0.976678
0.97674
0.976793
0.976828
0.970234
0.970829
0.97154
0.9723
0.97305
0.973748
0.974369
0.974901
0.97534
0.975693
0.975968
0.976174
0.976318
0.976407
0.976455
0.976475
0.976485
0.976495
0.976516
0.97655
0.976599
0.976658
0.976718
0.97677
0.976804
0.969638
0.970322
0.9711
0.971911
0.972704
0.973443
0.974105
0.974676
0.975154
0.975544
0.975853
0.976086
0.976252
0.976357
0.976416
0.976444
0.976459
0.976474
0.976499
0.976538
0.976591
0.976655
0.976719
0.976774
0.976809
0.96919
0.969908
0.970723
0.971571
0.972405
0.973188
0.973892
0.974503
0.975019
0.975442
0.975779
0.976036
0.976217
0.976333
0.976396
0.976426
0.976441
0.976458
0.976486
0.976531
0.976593
0.976666
0.976739
0.9768
0.976839
0.998007
0.997858
0.998985
0.999585
0.999712
0.999689
0.999715
0.999726
0.999735
0.999742
0.999745
0.999749
0.999756
0.999769
0.999788
0.999811
0.999837
0.999866
0.999892
0.999914
0.999951
1.00002
1.00006
0.999901
0.99962
0.997918
0.997777
0.998899
0.999568
0.999717
0.999694
0.999716
0.999728
0.999737
0.999743
0.999748
0.999752
0.999757
0.999766
0.99978
0.999797
0.999818
0.999841
0.999863
0.999883
0.999911
0.999948
0.999963
0.999871
0.999787
0.997838
0.997737
0.998868
0.999555
0.99972
0.999699
0.999719
0.999731
0.999738
0.999744
0.999749
0.999753
0.999758
0.999765
0.999775
0.999788
0.999804
0.999824
0.999841
0.999859
0.999885
0.999916
0.999917
0.999865
0.999893
0.997747
0.997669
0.998807
0.999537
0.999722
0.999705
0.999721
0.999734
0.99974
0.999746
0.99975
0.999754
0.999759
0.999765
0.999772
0.999782
0.999795
0.999812
0.999828
0.999847
0.999869
0.999887
0.999874
0.999834
0.99981
0.997614
0.997599
0.998757
0.999516
0.999724
0.999712
0.999725
0.999737
0.999742
0.999747
0.999751
0.999754
0.999758
0.999763
0.999769
0.999777
0.999786
0.999798
0.999811
0.999827
0.999849
0.999867
0.999864
0.999857
0.999886
0.997457
0.99751
0.998711
0.999498
0.999731
0.999722
0.99973
0.999741
0.999745
0.999748
0.999751
0.999754
0.999757
0.999762
0.999767
0.999773
0.99978
0.999789
0.9998
0.999814
0.999832
0.999842
0.999836
0.999828
0.999836
0.99729
0.997428
0.998674
0.999484
0.999741
0.999733
0.999735
0.999746
0.999748
0.99975
0.999751
0.999753
0.999756
0.999759
0.999763
0.999768
0.999774
0.999781
0.99979
0.999803
0.999818
0.99983
0.999833
0.999836
0.999846
0.997121
0.997356
0.99864
0.99947
0.999749
0.999745
0.999742
0.999751
0.999751
0.999751
0.999752
0.999752
0.999754
0.999756
0.999759
0.999764
0.999769
0.999775
0.999783
0.999793
0.999805
0.999815
0.999821
0.999828
0.999841
0.996952
0.997289
0.998603
0.999457
0.999756
0.999759
0.999749
0.999756
0.999754
0.999753
0.999752
0.999751
0.999751
0.999752
0.999754
0.999758
0.999762
0.999768
0.999775
0.999785
0.999797
0.999808
0.999816
0.999826
0.999841
0.996788
0.99722
0.998566
0.99944
0.999763
0.999773
0.999756
0.999761
0.999757
0.999754
0.999751
0.999749
0.999748
0.999748
0.999749
0.999751
0.999755
0.99976
0.999767
0.999776
0.999788
0.999799
0.99981
0.999823
0.99984
0.996631
0.997142
0.998524
0.999421
0.999768
0.999786
0.999764
0.999766
0.999761
0.999756
0.999751
0.999747
0.999744
0.999743
0.999743
0.999744
0.999747
0.999752
0.999759
0.999767
0.999779
0.999791
0.999804
0.999819
0.999838
0.996476
0.997051
0.998475
0.999398
0.999771
0.9998
0.999773
0.999772
0.999764
0.999757
0.99975
0.999744
0.99974
0.999737
0.999735
0.999736
0.999738
0.999743
0.999749
0.999758
0.999769
0.999782
0.999797
0.999814
0.999834
0.996313
0.996948
0.998417
0.999367
0.999771
0.999812
0.999781
0.999777
0.999768
0.999758
0.999749
0.999741
0.999735
0.99973
0.999727
0.999727
0.999729
0.999732
0.999739
0.999747
0.999758
0.999772
0.999788
0.999807
0.999828
0.996137
0.996836
0.998354
0.999329
0.999769
0.999825
0.99979
0.999782
0.999771
0.999758
0.999747
0.999737
0.999729
0.999723
0.999719
0.999717
0.999718
0.999721
0.999727
0.999736
0.999747
0.999762
0.999779
0.999799
0.999821
0.995951
0.996714
0.99828
0.999287
0.999766
0.999837
0.9998
0.999788
0.999774
0.999758
0.999745
0.999733
0.999722
0.999714
0.999709
0.999706
0.999706
0.999709
0.999715
0.999723
0.999735
0.99975
0.999768
0.999789
0.999813
0.995765
0.996591
0.998202
0.999242
0.999759
0.999851
0.99981
0.999793
0.999777
0.999758
0.999742
0.999727
0.999715
0.999705
0.999698
0.999694
0.999693
0.999696
0.999701
0.99971
0.999721
0.999737
0.999756
0.999779
0.999804
0.995582
0.99647
0.998122
0.999197
0.99975
0.999864
0.999821
0.999798
0.999779
0.999757
0.999738
0.999721
0.999706
0.999695
0.999686
0.999681
0.999679
0.999681
0.999686
0.999695
0.999707
0.999723
0.999743
0.999767
0.999794
0.995402
0.996351
0.99804
0.999153
0.999739
0.999876
0.999831
0.999803
0.999781
0.999755
0.999734
0.999714
0.999697
0.999683
0.999673
0.999667
0.999664
0.999666
0.999671
0.999679
0.999692
0.999708
0.999729
0.999754
0.999782
0.995225
0.99623
0.997955
0.999105
0.999726
0.999887
0.999842
0.999807
0.999782
0.999753
0.999728
0.999705
0.999686
0.99967
0.999659
0.999651
0.999648
0.999648
0.999653
0.999662
0.999675
0.999692
0.999714
0.99974
0.999769
0.995049
0.996102
0.997863
0.999053
0.999708
0.999896
0.999852
0.999811
0.999782
0.999749
0.999721
0.999696
0.999674
0.999656
0.999643
0.999634
0.99963
0.99963
0.999634
0.999643
0.999657
0.999675
0.999698
0.999724
0.999755
0.994874
0.995969
0.997763
0.998993
0.999685
0.999903
0.999861
0.999814
0.999781
0.999744
0.999713
0.999685
0.99966
0.999641
0.999626
0.999615
0.99961
0.99961
0.999614
0.999623
0.999637
0.999656
0.99968
0.999708
0.99974
0.994704
0.995832
0.997656
0.998926
0.999656
0.999907
0.999869
0.999815
0.999778
0.999738
0.999703
0.999672
0.999645
0.999624
0.999607
0.999595
0.999589
0.999588
0.999592
0.999602
0.999616
0.999636
0.99966
0.99969
0.999724
0.99454
0.995697
0.997541
0.998852
0.999619
0.999907
0.999875
0.999815
0.999774
0.999731
0.999692
0.999658
0.999629
0.999605
0.999586
0.999573
0.999566
0.999565
0.999569
0.999578
0.999593
0.999614
0.99964
0.999671
0.999706
0.994384
0.995562
0.997418
0.998769
0.999574
0.999903
0.99988
0.999814
0.999769
0.999721
0.999679
0.999642
0.99961
0.999584
0.999563
0.999549
0.999541
0.999539
0.999543
0.999553
0.999569
0.99959
0.999617
0.99965
0.999687
0.994232
0.995423
0.997286
0.998677
0.999521
0.999895
0.999882
0.999811
0.999762
0.99971
0.999664
0.999624
0.999589
0.999561
0.999539
0.999523
0.999514
0.999512
0.999516
0.999526
0.999543
0.999565
0.999593
0.999628
0.999667
0.99408
0.995279
0.997145
0.998577
0.999461
0.999882
0.999882
0.999807
0.999752
0.999698
0.999648
0.999604
0.999566
0.999536
0.999512
0.999495
0.999485
0.999483
0.999487
0.999497
0.999515
0.999538
0.999568
0.999604
0.999645
0.993926
0.995126
0.996994
0.998469
0.999393
0.999863
0.99988
0.9998
0.999741
0.999683
0.999629
0.999582
0.999541
0.999508
0.999483
0.999465
0.999454
0.999451
0.999455
0.999466
0.999485
0.999509
0.999541
0.999579
0.999622
0.993767
0.994964
0.996833
0.998351
0.999316
0.999837
0.999875
0.999792
0.999728
0.999665
0.999607
0.999557
0.999514
0.999478
0.999451
0.999432
0.99942
0.999417
0.999421
0.999433
0.999452
0.999479
0.999512
0.999552
0.999597
0.993605
0.994795
0.996662
0.998225
0.999228
0.999805
0.999867
0.999781
0.999712
0.999646
0.999583
0.999529
0.999483
0.999445
0.999416
0.999396
0.999384
0.99938
0.999385
0.999398
0.999418
0.999446
0.999481
0.999523
0.999571
0.993443
0.994623
0.996486
0.998089
0.99913
0.999764
0.999855
0.999767
0.999693
0.999623
0.999557
0.999499
0.99945
0.99941
0.999379
0.999357
0.999344
0.999341
0.999346
0.99936
0.999381
0.999411
0.999448
0.999492
0.999543
0.993282
0.994451
0.996307
0.997946
0.999023
0.999714
0.999839
0.999751
0.999671
0.999598
0.999527
0.999466
0.999413
0.999371
0.999338
0.999315
0.999302
0.999299
0.999304
0.999319
0.999342
0.999373
0.999413
0.99946
0.999513
0.993125
0.99428
0.996125
0.997795
0.998906
0.999656
0.999818
0.999732
0.999646
0.999569
0.999494
0.999429
0.999374
0.999329
0.999294
0.99927
0.999257
0.999253
0.999259
0.999275
0.9993
0.999334
0.999375
0.999425
0.999481
0.992969
0.994108
0.99594
0.997638
0.998781
0.999588
0.999791
0.999708
0.999617
0.999536
0.999457
0.999388
0.99933
0.999283
0.999247
0.999222
0.999208
0.999204
0.999212
0.999229
0.999255
0.999291
0.999335
0.999388
0.999447
0.99281
0.993933
0.99575
0.997472
0.998646
0.999509
0.999758
0.99968
0.999583
0.999499
0.999416
0.999344
0.999283
0.999233
0.999195
0.99917
0.999155
0.999152
0.99916
0.999179
0.999208
0.999246
0.999293
0.999348
0.999411
0.992646
0.993753
0.995555
0.997297
0.998501
0.99942
0.999716
0.999647
0.999545
0.999457
0.99937
0.999295
0.999231
0.999179
0.99914
0.999114
0.999099
0.999097
0.999106
0.999126
0.999157
0.999198
0.999248
0.999307
0.999373
0.992475
0.993564
0.99535
0.99711
0.998344
0.999318
0.999666
0.999609
0.999501
0.99941
0.999319
0.999241
0.999174
0.999121
0.999081
0.999053
0.999039
0.999037
0.999048
0.99907
0.999103
0.999146
0.9992
0.999262
0.999333
0.992292
0.993365
0.995137
0.996911
0.998175
0.999201
0.999606
0.999563
0.999452
0.999357
0.999264
0.999182
0.999113
0.999058
0.999016
0.998989
0.998975
0.998974
0.998986
0.99901
0.999046
0.999092
0.999149
0.999215
0.99929
0.992096
0.993153
0.994912
0.996698
0.997993
0.99907
0.999535
0.999511
0.999396
0.999298
0.999202
0.999117
0.999046
0.998989
0.998947
0.99892
0.998906
0.998906
0.99892
0.998946
0.998985
0.999035
0.999095
0.999165
0.999245
0.991886
0.992928
0.994676
0.996473
0.997795
0.998922
0.999451
0.99945
0.999334
0.999232
0.999134
0.999047
0.998974
0.998916
0.998873
0.998845
0.998833
0.998834
0.99885
0.998879
0.99892
0.998974
0.999038
0.999113
0.999197
0.991662
0.992689
0.994428
0.996233
0.997584
0.998756
0.999352
0.99938
0.999263
0.999159
0.99906
0.99897
0.998895
0.998836
0.998793
0.998766
0.998754
0.998758
0.998775
0.998807
0.998852
0.998909
0.998978
0.999057
0.999146
0.991424
0.992438
0.994167
0.99598
0.997358
0.99857
0.999238
0.999301
0.999185
0.999079
0.998978
0.998887
0.998811
0.998751
0.998708
0.998681
0.998671
0.998676
0.998696
0.998731
0.998779
0.998841
0.998914
0.998998
0.999092
0.991173
0.992174
0.993894
0.995713
0.997118
0.998367
0.999107
0.999211
0.999099
0.99899
0.998889
0.998796
0.998719
0.998659
0.998616
0.99859
0.998582
0.998589
0.998612
0.99865
0.998703
0.998768
0.998846
0.998936
0.999036
0.990911
0.991897
0.993606
0.995431
0.996863
0.998144
0.998957
0.999109
0.999004
0.998893
0.998791
0.998698
0.99862
0.99856
0.998518
0.998494
0.998487
0.998497
0.998523
0.998565
0.998622
0.998692
0.998775
0.99887
0.998976
0.990635
0.991607
0.993303
0.995133
0.996591
0.997901
0.998788
0.998994
0.998899
0.998787
0.998685
0.998592
0.998514
0.998454
0.998413
0.99839
0.998386
0.998399
0.998429
0.998475
0.998536
0.998611
0.9987
0.998801
0.998913
0.990346
0.991303
0.992985
0.994818
0.996301
0.99764
0.998598
0.998865
0.998783
0.998671
0.99857
0.998477
0.9984
0.998341
0.998301
0.99828
0.998278
0.998295
0.998328
0.998379
0.998445
0.998526
0.99862
0.998728
0.998846
0.990043
0.990984
0.992652
0.994486
0.995993
0.997359
0.998385
0.99872
0.998657
0.998545
0.998445
0.998354
0.998277
0.99822
0.998182
0.998163
0.998165
0.998184
0.998222
0.998278
0.998349
0.998436
0.998536
0.99865
0.998776
0.989724
0.990652
0.992304
0.994138
0.995668
0.997059
0.998148
0.998557
0.998519
0.998409
0.99831
0.998221
0.998146
0.99809
0.998054
0.998039
0.998044
0.998068
0.99811
0.998171
0.998248
0.998341
0.998448
0.998569
0.998702
0.98939
0.990304
0.991939
0.993772
0.995325
0.99674
0.997886
0.998374
0.998368
0.998262
0.998164
0.998078
0.998005
0.997951
0.997919
0.997907
0.997915
0.997944
0.997992
0.998058
0.998141
0.99824
0.998355
0.998483
0.998624
0.989038
0.989941
0.991559
0.993388
0.994964
0.9964
0.997599
0.998167
0.998203
0.998103
0.998007
0.997924
0.997854
0.997804
0.997774
0.997767
0.99778
0.997813
0.997867
0.997939
0.998028
0.998135
0.998256
0.998392
0.998542
0.988668
0.989562
0.991161
0.992984
0.994583
0.996039
0.997284
0.997935
0.998022
0.997932
0.997839
0.997759
0.997693
0.997646
0.997621
0.997618
0.997636
0.997675
0.997735
0.997813
0.99791
0.998023
0.998153
0.998297
0.998455
0.988279
0.989166
0.990749
0.992566
0.994186
0.99566
0.996945
0.997674
0.997823
0.997748
0.997658
0.997582
0.997521
0.997479
0.997459
0.997461
0.997484
0.997529
0.997595
0.997681
0.997785
0.997906
0.998044
0.998197
0.998364
0.987863
0.988746
0.990316
0.992127
0.993767
0.995262
0.996581
0.997385
0.997604
0.99755
0.997465
0.997394
0.997338
0.997301
0.997286
0.997294
0.997324
0.997376
0.997448
0.997541
0.997653
0.997783
0.997929
0.998091
0.998267
0.987418
0.9883
0.98986
0.991665
0.993323
0.994838
0.996189
0.997064
0.997363
0.997337
0.997258
0.997192
0.997143
0.997112
0.997104
0.997118
0.997155
0.997214
0.997294
0.997395
0.997515
0.997653
0.997809
0.99798
0.998166
0.986944
0.987828
0.98938
0.991181
0.992853
0.994388
0.995769
0.996711
0.997096
0.997107
0.997038
0.996978
0.996936
0.996912
0.996911
0.996932
0.996976
0.997043
0.997131
0.99724
0.997369
0.997517
0.997682
0.997863
0.998059
0.986438
0.987326
0.988873
0.99067
0.992355
0.99391
0.99532
0.996324
0.996798
0.996858
0.996803
0.99675
0.996715
0.9967
0.996707
0.996736
0.996788
0.996864
0.996961
0.997078
0.997217
0.997374
0.997548
0.99774
0.997947
0.9859
0.986791
0.988337
0.99013
0.991828
0.993403
0.994838
0.995901
0.996467
0.996588
0.996552
0.996508
0.996482
0.996476
0.996491
0.996529
0.996591
0.996675
0.996781
0.996908
0.997056
0.997223
0.997409
0.997611
0.997829
0.985329
0.986222
0.987768
0.989558
0.991269
0.992865
0.994324
0.995439
0.996097
0.996294
0.996284
0.996251
0.996234
0.996238
0.996264
0.996312
0.996383
0.996477
0.996593
0.99673
0.996888
0.997066
0.997262
0.997475
0.997705
0.984722
0.985616
0.987163
0.988952
0.990676
0.99229
0.993774
0.994937
0.995687
0.995972
0.995997
0.995978
0.995972
0.995988
0.996024
0.996083
0.996165
0.996269
0.996395
0.996543
0.996712
0.9969
0.997107
0.997333
0.997575
0.98408
0.984973
0.98652
0.988308
0.990045
0.991676
0.993184
0.994393
0.995234
0.995618
0.99569
0.99569
0.995696
0.995724
0.995773
0.995843
0.995936
0.996051
0.996188
0.996347
0.996527
0.996727
0.996946
0.997183
0.997437
0.983403
0.984295
0.985839
0.987625
0.989373
0.99102
0.992552
0.993804
0.994734
0.995225
0.995361
0.995385
0.995406
0.995446
0.995508
0.995591
0.995696
0.995823
0.995972
0.996142
0.996333
0.996545
0.996776
0.997026
0.997293
0.982694
0.983582
0.985119
0.986902
0.988659
0.99032
0.991875
0.99317
0.994185
0.99479
0.995006
0.995062
0.9951
0.995154
0.99523
0.995327
0.995445
0.995584
0.995745
0.995928
0.996131
0.996354
0.996598
0.99686
0.997141
0.981958
0.982838
0.984363
0.986137
0.9879
0.989575
0.991151
0.992491
0.993583
0.994307
0.994622
0.99472
0.994779
0.994849
0.99494
0.995051
0.995182
0.995335
0.995508
0.995703
0.995919
0.996155
0.996411
0.996687
0.996981
0.981202
0.982069
0.983574
0.985333
0.987097
0.988783
0.990378
0.991762
0.992926
0.993773
0.994201
0.994356
0.994442
0.994529
0.994636
0.994762
0.994908
0.995074
0.995261
0.995469
0.995697
0.995946
0.996215
0.996505
0.996813
0.980436
0.981283
0.982758
0.984494
0.98625
0.987943
0.989553
0.990982
0.992213
0.993182
0.993738
0.993968
0.994088
0.994195
0.994319
0.994462
0.994623
0.994803
0.995004
0.995224
0.995466
0.995728
0.99601
0.996313
0.996636
0.979669
0.98049
0.981924
0.983627
0.985366
0.987058
0.988678
0.990148
0.991446
0.992531
0.993226
0.993554
0.993716
0.993848
0.993989
0.994148
0.994325
0.99452
0.994735
0.994969
0.995224
0.995499
0.995795
0.996112
0.996449
0.978914
0.979702
0.981082
0.98274
0.984451
0.986131
0.987755
0.989261
0.990623
0.991816
0.992659
0.993106
0.993325
0.993486
0.993646
0.993823
0.994016
0.994227
0.994455
0.994703
0.994971
0.99526
0.995569
0.9959
0.996252
0.978182
0.978931
0.980245
0.981844
0.983515
0.98517
0.986789
0.988323
0.989744
0.991035
0.992032
0.992617
0.992912
0.99311
0.993292
0.993486
0.993696
0.993921
0.994164
0.994426
0.994707
0.995009
0.995333
0.995678
0.996045
0.977486
0.97819
0.979428
0.980955
0.98257
0.984186
0.985789
0.987338
0.98881
0.990191
0.991338
0.992078
0.992473
0.992717
0.992925
0.993137
0.993363
0.993605
0.993862
0.994137
0.994432
0.994747
0.995085
0.995444
0.995826
0.976841
0.977492
0.978644
0.980086
0.981631
0.983194
0.984768
0.986315
0.987824
0.989284
0.990571
0.991481
0.992002
0.992306
0.992546
0.992777
0.99302
0.993277
0.993548
0.993837
0.994145
0.994474
0.994824
0.995198
0.995595
0.976257
0.976851
0.97791
0.979253
0.980714
0.982209
0.98374
0.985267
0.986793
0.988318
0.989731
0.990817
0.991488
0.991874
0.992154
0.992407
0.992666
0.992937
0.993223
0.993525
0.993846
0.994187
0.994551
0.994939
0.995351
0.975745
0.976277
0.977238
0.978473
0.979839
0.981253
0.982723
0.984211
0.985732
0.987298
0.988818
0.990077
0.990921
0.991415
0.991745
0.992026
0.992301
0.992587
0.992886
0.993201
0.993534
0.993888
0.994265
0.994666
0.995093
0.97531
0.97578
0.976641
0.977761
0.97902
0.980342
0.981736
0.983168
0.984656
0.986235
0.987837
0.989257
0.990287
0.99092
0.991319
0.991633
0.991927
0.992226
0.992538
0.992865
0.993209
0.993575
0.993964
0.994378
0.99482
0.974957
0.975366
0.976127
0.977128
0.978275
0.979496
0.9808
0.98216
0.983588
0.985146
0.986798
0.988353
0.989574
0.990375
0.990868
0.991227
0.991542
0.991854
0.992178
0.992515
0.992871
0.993247
0.993648
0.994075
0.994531
0.974688
0.975039
0.9757
0.976584
0.977615
0.978729
0.979936
0.981209
0.982554
0.984054
0.985712
0.98737
0.988774
0.989763
0.990383
0.990801
0.991147
0.991473
0.991806
0.992154
0.992519
0.992905
0.993316
0.993755
0.994224
0.974501
0.974798
0.975364
0.976134
0.977048
0.978054
0.979158
0.980335
0.981581
0.982985
0.984604
0.986319
0.98788
0.989067
0.989847
0.990352
0.990736
0.991081
0.991423
0.991779
0.992152
0.992547
0.992967
0.993417
0.993899
0.974392
0.974641
0.975117
0.975779
0.976581
0.977478
0.978477
0.979557
0.980692
0.981972
0.983501
0.985216
0.986895
0.988275
0.989242
0.989865
0.990306
0.990676
0.991029
0.991391
0.99177
0.992172
0.992601
0.99306
0.993553
0.974355
0.974561
0.974955
0.975517
0.976211
0.977003
0.9779
0.978882
0.979905
0.981044
0.982435
0.98409
0.985829
0.987377
0.988544
0.989324
0.989846
0.990254
0.990622
0.990989
0.991373
0.99178
0.992215
0.992682
0.993186
0.974381
0.974549
0.97487
0.975342
0.975936
0.976628
0.977427
0.978316
0.979233
0.980225
0.981444
0.982976
0.984703
0.986374
0.987737
0.988702
0.989343
0.989806
0.990199
0.990573
0.99096
0.991369
0.991808
0.992282
0.992795
0.974463
0.974599
0.974855
0.975247
0.975748
0.976347
0.977055
0.977854
0.978676
0.979529
0.980562
0.981913
0.983553
0.985275
0.986808
0.987972
0.988771
0.98932
0.989751
0.99014
0.990529
0.99094
0.991381
0.991859
0.992378
0.974592
0.9747
0.974902
0.975222
0.975639
0.976152
0.976773
0.97749
0.978231
0.978963
0.979809
0.980944
0.982421
0.98411
0.985754
0.987113
0.9881
0.988775
0.989268
0.989683
0.990079
0.990489
0.99093
0.991409
0.991934
0.97476
0.974845
0.975002
0.975258
0.975598
0.976032
0.976573
0.977213
0.977884
0.978519
0.979197
0.980103
0.981357
0.982923
0.984595
0.986113
0.987296
0.988138
0.988728
0.98919
0.989603
0.990015
0.990454
0.990933
0.991459
0.974959
0.975023
0.975142
0.97534
0.975614
0.975977
0.976443
0.97701
0.97762
0.978181
0.978722
0.979409
0.980409
0.981768
0.98337
0.98497
0.986339
0.987369
0.988103
0.988641
0.989089
0.989512
0.98995
0.990426
0.990952
0.975177
0.975223
0.97531
0.975459
0.975675
0.975974
0.976371
0.976868
0.977421
0.977929
0.978369
0.978867
0.979608
0.980704
0.982134
0.983718
0.985214
0.986439
0.987347
0.988006
0.988516
0.988966
0.98941
0.989885
0.990409
0.975405
0.975437
0.975496
0.975603
0.975769
0.976011
0.976344
0.976776
0.977273
0.97774
0.978112
0.978465
0.978971
0.97978
0.980956
0.982412
0.983941
0.985319
0.986419
0.987238
0.987851
0.988355
0.988822
0.9893
0.989823
0.975635
0.975654
0.975691
0.975764
0.975887
0.976078
0.976353
0.976722
0.977163
0.977593
0.977924
0.978178
0.978493
0.979029
0.979903
0.981127
0.982569
0.984018
0.985284
0.986287
0.987046
0.987641
0.988157
0.988657
0.989185
0.975859
0.97587
0.975888
0.975932
0.976018
0.976164
0.976387
0.976697
0.977081
0.977472
0.977777
0.977973
0.978151
0.978456
0.979024
0.979945
0.981181
0.982579
0.983939
0.98511
0.986044
0.986774
0.987374
0.987923
0.988475
0.976073
0.976076
0.976079
0.976099
0.976153
0.97626
0.976435
0.976691
0.977018
0.977367
0.977649
0.977816
0.97791
0.978045
0.978343
0.978937
0.979874
0.981088
0.982422
0.983694
0.98479
0.985686
0.986416
0.987048
0.987652
0.97627
0.976268
0.976259
0.976258
0.976286
0.976358
0.976491
0.976696
0.976968
0.97727
0.977527
0.977678
0.977729
0.977758
0.977854
0.978144
0.978741
0.979659
0.980822
0.982078
0.983271
0.984317
0.985208
0.985967
0.986655
0.976448
0.97644
0.976421
0.976404
0.976408
0.97645
0.976545
0.976705
0.976925
0.977177
0.977404
0.977543
0.977577
0.977544
0.977517
0.977571
0.977841
0.978405
0.979269
0.980356
0.981527
0.982653
0.983679
0.984597
0.985412
0.976599
0.976587
0.97656
0.97653
0.976514
0.976531
0.976594
0.976712
0.976884
0.977088
0.977278
0.977401
0.977427
0.977371
0.977273
0.977181
0.977187
0.977406
0.977901
0.978678
0.979666
0.980747
0.981825
0.982862
0.98383
0.976721
0.976706
0.976672
0.976631
0.9766
0.976597
0.976632
0.976715
0.976843
0.976999
0.97715
0.977251
0.97727
0.977206
0.977077
0.976911
0.976748
0.976685
0.976817
0.977206
0.977862
0.978729
0.97972
0.980769
0.981832
0.976809
0.976791
0.976753
0.976705
0.976664
0.976644
0.976657
0.976709
0.976799
0.976912
0.977023
0.977097
0.977104
0.977037
0.976898
0.976699
0.976452
0.976204
0.976044
0.976056
0.976304
0.976807
0.977538
0.978442
0.979465
0.97686
0.976842
0.976802
0.976751
0.976702
0.976672
0.976668
0.976695
0.976752
0.976827
0.976901
0.976945
0.976935
0.97686
0.976717
0.976506
0.976225
0.975886
0.975534
0.975252
0.975116
0.975196
0.975528
0.976111
0.976915
0.976878
0.97686
0.97682
0.976769
0.976719
0.976682
0.976666
0.976674
0.976704
0.976747
0.976787
0.976802
0.976771
0.976682
0.976532
0.976312
0.976017
0.975641
0.975197
0.974729
0.97431
0.974013
0.973914
0.974065
0.97449
0.976866
0.97685
0.976813
0.976765
0.976715
0.976676
0.976653
0.976647
0.976657
0.976674
0.976686
0.976673
0.97662
0.976513
0.976347
0.976115
0.975807
0.975414
0.974932
0.974377
0.973791
0.973238
0.972789
0.972524
0.972508
0.976838
0.976825
0.976791
0.976746
0.976699
0.97666
0.976632
0.976618
0.976613
0.976612
0.976601
0.976565
0.976489
0.976361
0.976174
0.975922
0.975595
0.975182
0.974678
0.974086
0.973426
0.972737
0.972076
0.971517
0.971136
0.976815
0.976802
0.97677
0.976727
0.976681
0.976641
0.97661
0.97659
0.976577
0.976564
0.976538
0.976484
0.976388
0.976238
0.976025
0.975745
0.975388
0.974947
0.974414
0.973793
0.973095
0.972346
0.971587
0.970876
0.970282
0.97682
0.976806
0.976771
0.976723
0.976672
0.976627
0.976592
0.976568
0.976551
0.976532
0.976499
0.976434
0.976322
0.976151
0.975911
0.975597
0.975204
0.974723
0.97415
0.973487
0.972748
0.971956
0.971146
0.970369
0.969686
0.97685
0.976832
0.97679
0.976733
0.976673
0.976619
0.976578
0.976551
0.976533
0.976514
0.976479
0.97641
0.976289
0.976101
0.975838
0.975496
0.975068
0.97455
0.973937
0.973233
0.97245
0.971616
0.970769
0.969955
0.969237
1.00014
1.00058
1.00099
1.00135
1.00166
1.00193
1.00217
1.00239
1.00259
1.00276
1.00292
1.00304
1.00313
1.0032
1.00325
1.0033
1.00334
1.00338
1.00342
1.00345
1.00346
1.0035
1.00344
1.00351
1.00343
0.999724
0.999573
0.999532
0.999551
0.999614
0.999713
0.99983
0.999947
1.00005
1.00013
1.00022
1.00031
1.0004
1.0005
1.0006
1.0007
1.00079
1.00088
1.00096
1.00105
1.00109
1.0012
1.00117
1.00136
1.00118
1.00014
1.00017
1.00014
1.00006
0.999979
0.999901
0.999825
0.999753
0.999687
0.999633
0.999592
0.999571
0.99957
0.999582
0.999602
0.999618
0.999646
0.99966
0.999692
0.999691
0.999751
0.999722
0.999811
0.99978
0.999832
0.999771
0.999871
0.999976
1.00004
1.00008
1.00008
1.00008
1.00007
1.00006
1.00007
1.00007
1.00006
1.00006
1.00005
1.00005
1.00003
1.00002
1
0.999993
0.999964
0.999977
0.999907
0.999967
0.999862
0.999964
0.999942
0.999911
0.999919
0.999956
0.999997
1.00004
1.00008
1.00012
1.00016
1.0002
1.00024
1.00027
1.00029
1.00031
1.00032
1.00032
1.00032
1.00033
1.00032
1.00032
1.00032
1.0003
1.00032
1.00027
1.00032
0.99986
0.999903
0.99992
0.99994
0.999964
0.999992
1.00002
1.00006
1.00009
1.00013
1.00016
1.0002
1.00023
1.00025
1.00028
1.0003
1.00031
1.00033
1.00034
1.00037
1.00036
1.00039
1.00039
1.00039
1.00041
0.999865
0.999889
0.999917
0.999943
0.999968
0.999993
1.00002
1.00004
1.00007
1.00009
1.00012
1.00014
1.00017
1.00019
1.00021
1.00023
1.00025
1.00027
1.00029
1.00031
1.00031
1.00033
1.00033
1.00033
1.00035
0.999861
0.999884
0.999912
0.999942
0.999972
1
1.00003
1.00006
1.00008
1.00011
1.00013
1.00016
1.00018
1.0002
1.00022
1.00023
1.00025
1.00026
1.00028
1.00029
1.00029
1.0003
1.00031
1.0003
1.00032
0.999861
0.999885
0.999911
0.999941
0.999971
1
1.00003
1.00006
1.0001
1.00012
1.00015
1.00018
1.0002
1.00022
1.00024
1.00026
1.00028
1.00029
1.0003
1.00031
1.00032
1.00032
1.00032
1.00032
1.00033
0.999861
0.999885
0.999913
0.999941
0.999971
1
1.00003
1.00006
1.0001
1.00013
1.00016
1.00018
1.00021
1.00024
1.00026
1.00028
1.00029
1.00031
1.00032
1.00033
1.00034
1.00035
1.00035
1.00035
1.00036
0.99986
0.999885
0.999913
0.999942
0.999972
1
1.00003
1.00007
1.0001
1.00013
1.00016
1.00019
1.00021
1.00024
1.00026
1.00028
1.0003
1.00032
1.00034
1.00035
1.00036
1.00037
1.00037
1.00037
1.00038
0.999857
0.999883
0.999911
0.999941
0.999973
1
1.00004
1.00007
1.0001
1.00013
1.00016
1.00019
1.00022
1.00025
1.00027
1.00029
1.00031
1.00033
1.00035
1.00036
1.00037
1.00038
1.00038
1.00039
1.0004
0.999852
0.999879
0.999908
0.999939
0.999972
1.00001
1.00004
1.00007
1.0001
1.00014
1.00017
1.0002
1.00023
1.00026
1.00028
1.0003
1.00033
1.00034
1.00036
1.00037
1.00039
1.0004
1.0004
1.0004
1.00041
0.999847
0.999874
0.999904
0.999936
0.99997
1
1.00004
1.00007
1.00011
1.00014
1.00018
1.00021
1.00024
1.00027
1.00029
1.00032
1.00034
1.00036
1.00038
1.00039
1.0004
1.00041
1.00042
1.00042
1.00043
0.99984
0.999869
0.9999
0.999933
0.999968
1
1.00004
1.00008
1.00011
1.00015
1.00018
1.00021
1.00025
1.00028
1.0003
1.00033
1.00035
1.00037
1.00039
1.00041
1.00042
1.00043
1.00044
1.00044
1.00045
0.999832
0.999862
0.999894
0.999929
0.999965
1
1.00004
1.00008
1.00012
1.00015
1.00019
1.00022
1.00026
1.00029
1.00032
1.00034
1.00037
1.00039
1.00041
1.00043
1.00044
1.00045
1.00046
1.00046
1.00047
0.999823
0.999854
0.999888
0.999924
0.999962
1
1.00004
1.00008
1.00012
1.00016
1.0002
1.00023
1.00027
1.0003
1.00033
1.00036
1.00038
1.00041
1.00043
1.00044
1.00046
1.00047
1.00048
1.00048
1.00049
0.999813
0.999846
0.999881
0.999919
0.999958
0.999999
1.00004
1.00008
1.00012
1.00016
1.0002
1.00024
1.00028
1.00031
1.00034
1.00037
1.0004
1.00042
1.00045
1.00046
1.00048
1.00049
1.0005
1.00051
1.00051
0.999802
0.999837
0.999874
0.999913
0.999954
0.999996
1.00004
1.00008
1.00013
1.00017
1.00021
1.00025
1.00029
1.00032
1.00036
1.00039
1.00042
1.00044
1.00047
1.00049
1.0005
1.00051
1.00052
1.00053
1.00054
0.999789
0.999826
0.999865
0.999906
0.999949
0.999993
1.00004
1.00008
1.00013
1.00017
1.00022
1.00026
1.0003
1.00034
1.00037
1.00041
1.00044
1.00046
1.00049
1.00051
1.00052
1.00054
1.00055
1.00056
1.00056
0.999776
0.999815
0.999856
0.999899
0.999944
0.99999
1.00004
1.00008
1.00013
1.00018
1.00022
1.00027
1.00031
1.00035
1.00039
1.00042
1.00046
1.00048
1.00051
1.00053
1.00055
1.00056
1.00057
1.00058
1.00059
0.999761
0.999802
0.999845
0.999891
0.999938
0.999986
1.00004
1.00009
1.00014
1.00018
1.00023
1.00028
1.00032
1.00037
1.00041
1.00044
1.00048
1.00051
1.00053
1.00056
1.00057
1.00059
1.0006
1.00061
1.00061
0.999746
0.999788
0.999834
0.999882
0.999931
0.999982
1.00003
1.00009
1.00014
1.00019
1.00024
1.00029
1.00034
1.00038
1.00042
1.00046
1.0005
1.00053
1.00056
1.00058
1.0006
1.00061
1.00063
1.00064
1.00064
0.999729
0.999774
0.999822
0.999872
0.999924
0.999978
1.00003
1.00009
1.00014
1.0002
1.00025
1.0003
1.00035
1.0004
1.00044
1.00048
1.00052
1.00055
1.00058
1.00061
1.00063
1.00064
1.00066
1.00067
1.00067
0.99971
0.999758
0.999808
0.999861
0.999916
0.999972
1.00003
1.00009
1.00015
1.0002
1.00026
1.00031
1.00036
1.00041
1.00046
1.0005
1.00054
1.00058
1.00061
1.00063
1.00066
1.00067
1.00069
1.0007
1.0007
0.999691
0.999741
0.999794
0.99985
0.999908
0.999967
1.00003
1.00009
1.00015
1.00021
1.00027
1.00032
1.00038
1.00043
1.00048
1.00052
1.00057
1.0006
1.00064
1.00066
1.00069
1.0007
1.00072
1.00073
1.00074
0.99967
0.999722
0.999778
0.999837
0.999898
0.999961
1.00002
1.00009
1.00015
1.00022
1.00028
1.00034
1.00039
1.00045
1.0005
1.00055
1.00059
1.00063
1.00066
1.00069
1.00072
1.00074
1.00075
1.00077
1.00077
0.999648
0.999703
0.999762
0.999824
0.999888
0.999954
1.00002
1.00009
1.00016
1.00022
1.00029
1.00035
1.00041
1.00047
1.00052
1.00057
1.00062
1.00066
1.00069
1.00073
1.00075
1.00077
1.00079
1.0008
1.00081
0.999624
0.999682
0.999745
0.99981
0.999878
0.999947
1.00002
1.00009
1.00016
1.00023
1.0003
1.00036
1.00043
1.00049
1.00054
1.0006
1.00065
1.00069
1.00073
1.00076
1.00079
1.00081
1.00083
1.00084
1.00084
0.999599
0.99966
0.999726
0.999795
0.999866
0.999939
1.00001
1.00009
1.00016
1.00024
1.00031
1.00038
1.00044
1.00051
1.00057
1.00062
1.00067
1.00072
1.00076
1.00079
1.00082
1.00085
1.00087
1.00088
1.00088
0.999572
0.999637
0.999706
0.999778
0.999854
0.999931
1.00001
1.00009
1.00017
1.00024
1.00032
1.00039
1.00046
1.00053
1.00059
1.00065
1.0007
1.00075
1.0008
1.00083
1.00086
1.00089
1.00091
1.00092
1.00093
0.999544
0.999612
0.999685
0.999761
0.99984
0.999922
1
1.00009
1.00017
1.00025
1.00033
1.00041
1.00048
1.00055
1.00062
1.00068
1.00074
1.00079
1.00083
1.00087
1.0009
1.00093
1.00095
1.00097
1.00097
0.999513
0.999585
0.999662
0.999743
0.999826
0.999912
0.999999
1.00009
1.00017
1.00026
1.00034
1.00042
1.0005
1.00058
1.00065
1.00071
1.00077
1.00082
1.00087
1.00091
1.00095
1.00097
1.001
1.00101
1.00102
0.999481
0.999557
0.999638
0.999723
0.999811
0.999901
0.999993
1.00009
1.00018
1.00027
1.00036
1.00044
1.00052
1.0006
1.00068
1.00074
1.00081
1.00086
1.00091
1.00095
1.00099
1.00102
1.00104
1.00106
1.00107
0.999447
0.999527
0.999612
0.999702
0.999795
0.99989
0.999987
1.00008
1.00018
1.00028
1.00037
1.00046
1.00055
1.00063
1.00071
1.00078
1.00084
1.0009
1.00095
1.001
1.00104
1.00107
1.0011
1.00111
1.00112
0.999411
0.999495
0.999585
0.99968
0.999778
0.999878
0.99998
1.00008
1.00018
1.00028
1.00038
1.00048
1.00057
1.00066
1.00074
1.00081
1.00088
1.00094
1.001
1.00105
1.00109
1.00112
1.00115
1.00117
1.00117
0.999372
0.999462
0.999557
0.999656
0.999759
0.999865
0.999972
1.00008
1.00019
1.00029
1.0004
1.0005
1.00059
1.00068
1.00077
1.00085
1.00092
1.00099
1.00105
1.0011
1.00114
1.00118
1.0012
1.00122
1.00123
0.999332
0.999426
0.999526
0.999631
0.99974
0.999851
0.999964
1.00008
1.00019
1.0003
1.00041
1.00052
1.00062
1.00071
1.00081
1.00089
1.00097
1.00104
1.0011
1.00115
1.0012
1.00123
1.00126
1.00128
1.00129
0.999289
0.999388
0.999494
0.999605
0.999719
0.999837
0.999956
1.00008
1.00019
1.00031
1.00043
1.00054
1.00064
1.00075
1.00084
1.00093
1.00101
1.00108
1.00115
1.00121
1.00125
1.00129
1.00132
1.00134
1.00135
0.999244
0.999349
0.99946
0.999577
0.999698
0.999821
0.999947
1.00007
1.0002
1.00032
1.00044
1.00056
1.00067
1.00078
1.00088
1.00097
1.00106
1.00114
1.0012
1.00126
1.00132
1.00136
1.00139
1.00141
1.00142
0.999196
0.999307
0.999424
0.999547
0.999675
0.999805
0.999937
1.00007
1.0002
1.00033
1.00046
1.00058
1.0007
1.00081
1.00092
1.00102
1.00111
1.00119
1.00126
1.00133
1.00138
1.00142
1.00146
1.00148
1.00149
0.999145
0.999262
0.999386
0.999516
0.99965
0.999788
0.999927
1.00007
1.00021
1.00034
1.00048
1.00061
1.00073
1.00085
1.00096
1.00107
1.00116
1.00125
1.00132
1.00139
1.00145
1.00149
1.00153
1.00155
1.00156
0.999092
0.999215
0.999346
0.999483
0.999625
0.999769
0.999916
1.00006
1.00021
1.00035
1.0005
1.00063
1.00076
1.00089
1.00101
1.00112
1.00122
1.00131
1.00139
1.00146
1.00152
1.00157
1.0016
1.00163
1.00164
0.999035
0.999166
0.999304
0.999448
0.999597
0.99975
0.999904
1.00006
1.00021
1.00037
1.00051
1.00066
1.0008
1.00093
1.00105
1.00117
1.00127
1.00137
1.00146
1.00153
1.00159
1.00164
1.00168
1.00171
1.00172
0.998976
0.999113
0.999259
0.999411
0.999568
0.999729
0.999891
1.00005
1.00022
1.00038
1.00053
1.00069
1.00083
1.00097
1.0011
1.00122
1.00133
1.00144
1.00153
1.0016
1.00167
1.00173
1.00177
1.00179
1.0018
0.998913
0.999058
0.999212
0.999372
0.999538
0.999706
0.999878
1.00005
1.00022
1.00039
1.00055
1.00071
1.00087
1.00101
1.00115
1.00128
1.0014
1.0015
1.0016
1.00168
1.00175
1.00181
1.00185
1.00188
1.00189
0.998846
0.999
0.999162
0.999331
0.999505
0.999683
0.999863
1.00004
1.00022
1.0004
1.00058
1.00074
1.00091
1.00106
1.0012
1.00134
1.00146
1.00158
1.00168
1.00177
1.00184
1.0019
1.00194
1.00197
1.00199
0.998776
0.998939
0.999109
0.999287
0.99947
0.999658
0.999847
1.00004
1.00023
1.00041
1.0006
1.00077
1.00095
1.00111
1.00126
1.0014
1.00154
1.00165
1.00176
1.00185
1.00193
1.00199
1.00204
1.00207
1.00209
0.998703
0.998874
0.999054
0.999241
0.999434
0.999631
0.999831
1.00003
1.00023
1.00043
1.00062
1.00081
1.00099
1.00116
1.00132
1.00147
1.00161
1.00173
1.00185
1.00194
1.00203
1.00209
1.00214
1.00218
1.00219
0.998625
0.998805
0.998995
0.999192
0.999395
0.999603
0.999813
1.00002
1.00023
1.00044
1.00064
1.00084
1.00103
1.00121
1.00138
1.00154
1.00169
1.00182
1.00194
1.00204
1.00213
1.0022
1.00225
1.00228
1.0023
0.998543
0.998733
0.998933
0.99914
0.999354
0.999572
0.999793
1.00002
1.00024
1.00045
1.00067
1.00088
1.00108
1.00127
1.00145
1.00161
1.00177
1.00191
1.00203
1.00214
1.00223
1.00231
1.00236
1.0024
1.00242
0.998456
0.998657
0.998867
0.999085
0.99931
0.99954
0.999772
1.00001
1.00024
1.00047
1.00069
1.00091
1.00112
1.00132
1.00151
1.00169
1.00185
1.002
1.00213
1.00225
1.00234
1.00242
1.00248
1.00252
1.00254
0.998365
0.998577
0.998798
0.999028
0.999264
0.999506
0.99975
0.999996
1.00024
1.00048
1.00072
1.00095
1.00117
1.00138
1.00158
1.00177
1.00194
1.0021
1.00224
1.00236
1.00246
1.00254
1.00261
1.00265
1.00267
0.99827
0.998492
0.998725
0.998966
0.999215
0.999469
0.999726
0.999984
1.00024
1.0005
1.00075
1.00099
1.00122
1.00145
1.00166
1.00185
1.00204
1.0022
1.00235
1.00248
1.00258
1.00267
1.00274
1.00278
1.0028
0.998169
0.998402
0.998647
0.998901
0.999163
0.99943
0.9997
0.999972
1.00024
1.00051
1.00077
1.00103
1.00128
1.00151
1.00174
1.00194
1.00214
1.00231
1.00246
1.0026
1.00271
1.00281
1.00287
1.00292
1.00294
0.998062
0.998308
0.998566
0.998833
0.999107
0.999388
0.999672
0.999958
1.00024
1.00053
1.0008
1.00107
1.00133
1.00158
1.00182
1.00204
1.00224
1.00242
1.00259
1.00273
1.00285
1.00295
1.00302
1.00307
1.00309
0.99795
0.998209
0.998479
0.99876
0.999048
0.999343
0.999642
0.999943
1.00024
1.00054
1.00083
1.00112
1.00139
1.00165
1.0019
1.00213
1.00235
1.00254
1.00271
1.00287
1.00299
1.00309
1.00317
1.00322
1.00325
0.997832
0.998104
0.998388
0.998682
0.998986
0.999295
0.99961
0.999926
1.00024
1.00055
1.00086
1.00116
1.00145
1.00173
1.00199
1.00223
1.00246
1.00267
1.00285
1.00301
1.00314
1.00325
1.00333
1.00339
1.00341
0.997708
0.997993
0.998291
0.9986
0.998919
0.999244
0.999574
0.999907
1.00024
1.00057
1.00089
1.00121
1.00151
1.0018
1.00208
1.00234
1.00258
1.0028
1.00299
1.00316
1.0033
1.00341
1.0035
1.00356
1.00359
0.997577
0.997876
0.998189
0.998513
0.998847
0.999189
0.999536
0.999885
1.00023
1.00058
1.00092
1.00126
1.00158
1.00189
1.00218
1.00245
1.0027
1.00293
1.00314
1.00332
1.00347
1.00359
1.00368
1.00374
1.00377
0.997439
0.997753
0.99808
0.998421
0.998771
0.99913
0.999494
0.999862
1.00023
1.00059
1.00095
1.0013
1.00164
1.00197
1.00228
1.00257
1.00283
1.00308
1.00329
1.00348
1.00364
1.00377
1.00387
1.00393
1.00396
0.997294
0.997622
0.997966
0.998322
0.99869
0.999066
0.999449
0.999835
1.00022
1.00061
1.00098
1.00135
1.00171
1.00206
1.00238
1.00269
1.00297
1.00323
1.00346
1.00365
1.00382
1.00396
1.00406
1.00413
1.00417
0.99714
0.997484
0.997844
0.998217
0.998603
0.998997
0.999399
0.999805
1.00021
1.00062
1.00102
1.00141
1.00178
1.00215
1.00249
1.00281
1.00311
1.00338
1.00363
1.00384
1.00402
1.00416
1.00427
1.00434
1.00438
0.996978
0.997338
0.997714
0.998105
0.998509
0.998923
0.999345
0.999771
1.0002
1.00062
1.00105
1.00146
1.00186
1.00224
1.0026
1.00294
1.00326
1.00355
1.0038
1.00403
1.00422
1.00437
1.00449
1.00456
1.0046
0.996806
0.997183
0.997576
0.997986
0.998409
0.998843
0.999286
0.999734
1.00018
1.00063
1.00107
1.00151
1.00193
1.00233
1.00272
1.00308
1.00341
1.00372
1.00399
1.00423
1.00443
1.00459
1.00472
1.0048
1.00484
0.996625
0.997018
0.99743
0.997858
0.998301
0.998756
0.99922
0.999691
1.00016
1.00064
1.0011
1.00156
1.00201
1.00243
1.00284
1.00322
1.00358
1.0039
1.00419
1.00444
1.00465
1.00483
1.00496
1.00504
1.00509
0.996434
0.996844
0.997273
0.997721
0.998184
0.998661
0.999148
0.999643
1.00014
1.00064
1.00113
1.00161
1.00208
1.00253
1.00297
1.00337
1.00375
1.00409
1.00439
1.00466
1.00489
1.00507
1.00521
1.0053
1.00535
0.996231
0.996658
0.997106
0.997574
0.998059
0.998558
0.999069
0.999589
1.00011
1.00064
1.00115
1.00166
1.00216
1.00264
1.00309
1.00352
1.00392
1.00428
1.00461
1.00489
1.00513
1.00533
1.00548
1.00558
1.00562
0.996016
0.996461
0.996928
0.997416
0.997923
0.998446
0.998982
0.999528
1.00008
1.00063
1.00118
1.00172
1.00224
1.00275
1.00323
1.00368
1.0041
1.00449
1.00483
1.00514
1.00539
1.0056
1.00576
1.00586
1.00591
0.995788
0.996251
0.996737
0.997246
0.997776
0.998324
0.998886
0.999458
1.00004
1.00062
1.0012
1.00176
1.00232
1.00285
1.00337
1.00385
1.00429
1.0047
1.00507
1.00539
1.00566
1.00588
1.00605
1.00616
1.00622
0.995547
0.996027
0.996533
0.997064
0.997617
0.99819
0.998779
0.99938
0.999989
1.0006
1.00121
1.00181
1.0024
1.00296
1.00351
1.00402
1.00449
1.00493
1.00532
1.00566
1.00595
1.00618
1.00636
1.00648
1.00654
0.99529
0.995788
0.996314
0.996867
0.997444
0.998043
0.998661
0.999292
0.999933
1.00058
1.00122
1.00185
1.00248
1.00308
1.00365
1.00419
1.0047
1.00516
1.00557
1.00594
1.00625
1.0065
1.00668
1.00681
1.00688
0.995016
0.995532
0.996079
0.996654
0.997256
0.997882
0.998529
0.999192
0.999866
1.00055
1.00122
1.00189
1.00255
1.00319
1.0038
1.00437
1.00491
1.0054
1.00584
1.00623
1.00656
1.00682
1.00703
1.00716
1.00723
0.994725
0.995259
0.995825
0.996423
0.997051
0.997705
0.998383
0.999079
0.999788
1.0005
1.00122
1.00193
1.00263
1.0033
1.00395
1.00456
1.00513
1.00565
1.00612
1.00653
1.00688
1.00717
1.00738
1.00753
1.0076
0.994414
0.994965
0.995552
0.996173
0.996827
0.997511
0.998221
0.998951
0.999697
1.00045
1.00121
1.00196
1.0027
1.00341
1.0041
1.00475
1.00536
1.00591
1.00641
1.00685
1.00723
1.00753
1.00776
1.00791
1.00799
0.994083
0.994651
0.995258
0.995902
0.996583
0.997297
0.99804
0.998807
0.999591
1.00039
1.00119
1.00198
1.00276
1.00352
1.00425
1.00494
1.00559
1.00618
1.00672
1.00719
1.00758
1.00791
1.00815
1.00832
1.0084
0.993729
0.994313
0.994939
0.995607
0.996315
0.99706
0.997838
0.998643
0.999469
1.00031
1.00115
1.00199
1.00282
1.00363
1.0044
1.00514
1.00583
1.00646
1.00703
1.00753
1.00796
1.0083
1.00857
1.00874
1.00883
0.993349
0.993949
0.994595
0.995286
0.996022
0.996799
0.997613
0.998457
0.999326
1.00021
1.0011
1.00199
1.00287
1.00373
1.00455
1.00534
1.00607
1.00675
1.00736
1.00789
1.00835
1.00872
1.009
1.00919
1.00928
0.992943
0.993557
0.994221
0.994937
0.9957
0.99651
0.997361
0.998247
0.999161
1.0001
1.00104
1.00198
1.00291
1.00383
1.0047
1.00554
1.00632
1.00704
1.0077
1.00827
1.00876
1.00915
1.00945
1.00966
1.00976
0.992507
0.993134
0.993816
0.994554
0.995346
0.996189
0.997079
0.998009
0.998971
0.999956
1.00095
1.00195
1.00294
1.00391
1.00485
1.00574
1.00658
1.00735
1.00804
1.00866
1.00918
1.0096
1.00993
1.01014
1.01025
0.992039
0.992677
0.993376
0.994136
0.994957
0.995834
0.996764
0.997739
0.998752
0.999792
1.00085
1.00191
1.00296
1.00399
1.00499
1.00594
1.00683
1.00766
1.0084
1.00906
1.00962
1.01007
1.01042
1.01065
1.01077
0.991536
0.992183
0.992897
0.993679
0.994527
0.995439
0.996411
0.997433
0.998499
0.999597
1.00071
1.00184
1.00296
1.00406
1.00512
1.00614
1.00709
1.00797
1.00877
1.00947
1.01007
1.01056
1.01093
1.01118
1.01131
0.990994
0.991648
0.992375
0.993177
0.994053
0.995001
0.996014
0.997087
0.998208
0.999367
1.00055
1.00175
1.00293
1.00411
1.00524
1.00633
1.00735
1.00829
1.00915
1.0099
1.01055
1.01107
1.01147
1.01174
1.01187
0.990409
0.991067
0.991805
0.992626
0.993529
0.994512
0.99557
0.996694
0.997874
0.999098
1.00035
1.00162
1.00289
1.00413
1.00535
1.00651
1.0076
1.00862
1.00953
1.01034
1.01103
1.0116
1.01203
1.01232
1.01246
0.989772
0.990434
0.991181
0.992019
0.992949
0.993968
0.99507
0.996248
0.99749
0.998783
1.00011
1.00146
1.00281
1.00414
1.00543
1.00668
1.00785
1.00894
1.00992
1.01079
1.01153
1.01214
1.0126
1.01291
1.01307
0.98907
0.989738
0.990495
0.99135
0.992306
0.993361
0.994509
0.995743
0.997049
0.998415
0.999823
1.00126
1.00269
1.00411
1.0055
1.00683
1.00809
1.00925
1.01031
1.01125
1.01205
1.0127
1.0132
1.01353
1.0137
0.988276
0.98896
0.989731
0.990605
0.991588
0.99268
0.993876
0.995168
0.996544
0.997987
0.999479
1.001
1.00253
1.00405
1.00554
1.00696
1.00831
1.00957
1.0107
1.01171
1.01257
1.01328
1.01381
1.01417
1.01435
0.987342
0.988065
0.988863
0.989763
0.990779
0.991912
0.99316
0.994514
0.995962
0.997488
0.999071
1.00069
1.00233
1.00395
1.00554
1.00707
1.00852
1.00987
1.01109
1.01218
1.0131
1.01386
1.01444
1.01483
1.01502
0.986189
0.98699
0.987841
0.988786
0.989847
0.991031
0.992338
0.993762
0.99529
0.996905
0.998587
1.00031
1.00206
1.0038
1.0055
1.00714
1.0087
1.01015
1.01147
1.01264
1.01364
1.01446
1.01508
1.0155
1.01571
0.984732
0.985638
0.986586
0.987605
0.988735
0.98999
0.991373
0.992881
0.994501
0.996216
0.998007
0.99985
1.00172
1.00358
1.00541
1.00717
1.00885
1.01041
1.01184
1.0131
1.01418
1.01506
1.01574
1.01619
1.01642
0.982872
0.983903
0.984979
0.986118
0.987349
0.988708
0.990195
0.991811
0.993545
0.995381
0.997298
0.999275
1.00128
1.00328
1.00525
1.00715
1.00896
1.01064
1.01218
1.01354
1.01471
1.01567
1.0164
1.01689
1.01713
0.980564
0.981706
0.982898
0.984182
0.985563
0.987059
0.98869
0.990451
0.992335
0.994323
0.996396
0.998534
1.0007
1.00287
1.00499
1.00705
1.00901
1.01083
1.01249
1.01397
1.01523
1.01627
1.01706
1.01759
1.01786
0.977906
0.979056
0.980322
0.981705
0.983231
0.984902
0.98671
0.988657
0.990735
0.99292
0.99519
0.997527
0.999907
1.00226
1.00458
1.00683
1.00896
1.01094
1.01275
1.01436
1.01574
1.01687
1.01773
1.01831
1.0186
0.975189
0.976148
0.977338
0.97874
0.980348
0.98215
0.984135
0.986289
0.988595
0.991018
0.993524
0.996109
0.998763
1.00136
1.00392
1.00639
1.00874
1.01093
1.01292
1.01468
1.0162
1.01744
1.01838
1.01902
1.01934
0.972788
0.973387
0.97431
0.975552
0.977097
0.978923
0.98101
0.983331
0.985852
0.988518
0.991272
0.994159
0.997114
1.00003
1.00288
1.00565
1.00826
1.0107
1.01292
1.01489
1.01657
1.01795
1.01901
1.01972
1.02007
0.971005
0.971187
0.971727
0.972649
0.973959
0.975644
0.977684
0.980047
0.982683
0.98553
0.988549
0.991745
0.994988
0.998224
1.00141
1.00452
1.00745
1.01019
1.01269
1.01491
1.01681
1.01837
1.01955
1.02035
1.02075
0.969878
0.96974
0.969936
0.970518
0.971519
0.972951
0.974809
0.977068
0.97968
0.982593
0.985799
0.989194
0.992667
0.996178
0.999703
1.00313
1.00639
1.00945
1.01226
1.01476
1.0169
1.01866
1.02
1.0209
1.02136
0.969164
0.968876
0.968892
0.969273
0.970065
0.971299
0.972983
0.975106
0.977636
0.980533
0.983751
0.987223
0.990851
0.99457
0.998311
1.00197
1.0055
1.00883
1.01189
1.01463
1.01698
1.01892
1.0204
1.0214
1.02191
0.968685
0.968364
0.968343
0.968682
0.969428
0.970612
0.972248
0.974331
0.976835
0.979727
0.982959
0.98646
0.990137
0.993933
0.997765
1.00154
1.0052
1.00866
1.01185
1.01471
1.01718
1.01922
1.02078
1.02183
1.02236
)
;

boundaryField
{
    back
    {
        type            empty;
    }
    cylinder
    {
        type            calculated;
        value           nonuniform List<scalar> 
100
(
1.02236
1.02183
1.02077
1.0192
1.01717
1.01469
1.01183
1.00864
1.00517
1.00151
0.997735
0.9939
0.990102
0.986424
0.982921
0.979688
0.976795
0.974289
0.972205
0.970568
0.969383
0.968636
0.968296
0.968317
0.968638
0.96919
0.969908
0.970723
0.971571
0.972405
0.973188
0.973892
0.974503
0.975019
0.975442
0.975779
0.976036
0.976217
0.976333
0.976396
0.976426
0.976441
0.976458
0.976486
0.976531
0.976593
0.976666
0.976739
0.9768
0.976839
0.97685
0.976832
0.97679
0.976733
0.976673
0.976619
0.976578
0.976551
0.976533
0.976514
0.976479
0.97641
0.976289
0.976101
0.975838
0.975496
0.975068
0.97455
0.973937
0.973233
0.97245
0.971616
0.970769
0.969955
0.969237
0.968685
0.968364
0.968343
0.968682
0.969428
0.970612
0.972248
0.974331
0.976835
0.979727
0.982959
0.98646
0.990137
0.993933
0.997765
1.00154
1.0052
1.00866
1.01185
1.01471
1.01718
1.01922
1.02078
1.02183
1.02236
)
;
    }
    front
    {
        type            empty;
    }
    inlet
    {
        type            calculated;
        value           uniform 1;
    }
    outlet
    {
        type            calculated;
        value           nonuniform List<scalar> 
50
(
0.999689
0.999907
1.00004
1.00001
0.999935
0.999884
0.999852
0.999823
0.999792
0.999763
0.999739
0.999721
0.99971
0.999706
0.999703
0.999699
0.999692
0.999683
0.999674
0.99965
0.999675
0.999551
0.998963
0.997825
0.997992
0.998007
0.997858
0.998985
0.999585
0.999712
0.999689
0.999715
0.999726
0.999735
0.999742
0.999745
0.999749
0.999756
0.999769
0.999788
0.999811
0.999837
0.999866
0.999892
0.999914
0.999951
1.00002
1.00006
0.999901
0.99962
)
;
    }
}


// ************************************************************************* //
