/*--------------------------------*- C++ -*----------------------------------*\
| =========                 |                                                 |
| \\      /  F ield         | OpenFOAM: The Open Source CFD Toolbox           |
|  \\    /   O peration     | Version:  v1912                                 |
|   \\  /    A nd           | Website:  www.openfoam.com                      |
|    \\/     M anipulation  |                                                 |
\*---------------------------------------------------------------------------*/
FoamFile
{
    version     2.0;
    format      ascii;
    class       volScalarField;
    location    "1000";
    object      T;
}
// * * * * * * * * * * * * * * * * * * * * * * * * * * * * * * * * * * * * * //

dimensions      [0 0 0 1 0 0 0];


internalField   nonuniform List<scalar> 
9900
(
1.00047
1.00072
1.0006
1.00079
1.00075
1.00081
1.00077
1.00075
1.00067
1.00059
1.00047
1.00036
1.00025
1.00014
1.00006
0.999996
0.99996
0.999942
0.999966
1.00005
1.00022
1.00056
1.00105
1.00191
1.00303
1.00039
1.00042
1.00048
1.00048
1.0005
1.00049
1.00049
1.00046
1.00044
1.00039
1.00033
1.00026
1.00017
1.00008
0.999991
0.999897
0.999811
0.999742
0.999684
0.99968
0.999773
0.999932
1.00011
1.00025
0.999919
1.00011
0.999985
1.00015
0.999999
1.00012
1.00003
1.00006
1.00002
1.00001
0.999973
0.999941
0.999893
0.999831
0.999764
0.999678
0.999583
0.9995
0.999444
0.999471
0.999559
0.999753
1.00011
1.00055
1.00101
1.00153
1.00004
1
1.00003
0.999982
0.99995
0.999916
0.999858
0.999821
0.999761
0.999706
0.999651
0.999582
0.999507
0.999436
0.999376
0.999359
0.999375
0.999433
0.999552
0.999802
1.00017
1.0006
1.00101
1.00132
1.00149
1.00011
1.00007
1.00003
0.999997
0.999925
0.999883
0.999801
0.99973
0.99964
0.999554
0.999476
0.999405
0.999356
0.999345
0.999363
0.999412
0.999503
0.999666
0.999918
1.00024
1.00057
1.00088
1.00113
1.00129
1.0014
1.00017
1.00012
1.00005
0.999995
0.999904
0.999842
0.999762
0.999674
0.999593
0.99951
0.999444
0.999411
0.999414
0.999461
0.999555
0.999684
0.999848
1.00005
1.00028
1.00052
1.00072
1.00088
1.00102
1.00113
1.00123
1.00019
1.00014
1.00006
0.999995
0.999912
0.999845
0.999767
0.999689
0.999631
0.999584
0.999563
0.99958
0.999645
0.999746
0.99987
0.999992
1.00012
1.00027
1.00041
1.00054
1.00063
1.00071
1.00081
1.00095
1.0011
1.0002
1.00016
1.00007
1.00002
0.999954
0.9999
0.999836
0.999781
0.999756
0.999751
0.999769
0.999819
0.999893
0.99997
1.00004
1.00011
1.00019
1.00026
1.00032
1.00036
1.0004
1.00049
1.00064
1.00084
1.00103
1.00022
1.00017
1.0001
1.00006
1.00001
0.999978
0.99994
0.999911
0.999901
0.999907
0.999929
0.999958
0.99999
1.00002
1.00005
1.00007
1.00008
1.00008
1.00009
1.00012
1.0002
1.00035
1.00056
1.00079
1.00098
1.00024
1.00019
1.00014
1.0001
1.00007
1.00004
1.00001
0.999986
0.999974
0.999966
0.999963
0.999963
0.999965
0.999956
0.999933
0.999901
0.999873
0.999858
0.999873
0.999945
1.0001
1.00031
1.00055
1.00076
1.00093
1.00024
1.00019
1.00016
1.00013
1.00009
1.00005
1.00002
0.999994
0.999968
0.999942
0.999914
0.999888
0.999852
0.999807
0.999756
0.999709
0.999681
0.999686
0.999752
0.99989
1.00009
1.00033
1.00055
1.00072
1.00086
1.00024
1.00017
1.00016
1.00012
1.00008
1.00003
0.999987
0.999947
0.999902
0.999853
0.999804
0.999753
0.999699
0.999642
0.999592
0.999558
0.999559
0.999616
0.999735
0.999915
1.00014
1.00036
1.00053
1.00066
1.00079
1.00022
1.00015
1.00013
1.0001
1.00004
0.999974
0.999917
0.999861
0.999799
0.999735
0.999672
0.999613
0.999557
0.99951
0.999475
0.999476
0.999525
0.999624
0.999778
0.999972
1.00018
1.00036
1.00048
1.00058
1.00072
1.00019
1.00013
1.00009
1.00005
0.999982
0.999905
0.999833
0.999764
0.999693
0.999622
0.999557
0.9995
0.999457
0.999421
0.99943
0.99947
0.999549
0.999677
0.999844
1.00003
1.00019
1.00032
1.00041
1.0005
1.00066
1.00017
1.0001
1.00005
1
0.999926
0.99984
0.999757
0.999681
0.999606
0.999537
0.999478
0.999433
0.999403
0.999411
0.999437
0.999502
0.999608
0.999748
0.999904
1.00005
1.00017
1.00025
1.00032
1.00043
1.00062
1.00016
1.00009
1.00002
0.999958
0.999879
0.99979
0.999703
0.999625
0.999553
0.999491
0.999443
0.999413
0.99941
0.99943
0.999481
0.999566
0.999681
0.999812
0.99994
1.00004
1.00012
1.00017
1.00024
1.00038
1.00059
1.00016
1.00008
1
0.999929
0.999849
0.999761
0.999676
0.9996
0.999536
0.999484
0.999449
0.999435
0.999446
0.999484
0.999551
0.999641
0.999747
0.999852
0.999943
1.00001
1.00005
1.0001
1.00018
1.00034
1.00057
1.00017
1.00009
0.999995
0.999917
0.999838
0.999754
0.999673
0.999603
0.999548
0.999508
0.999485
0.999485
0.999509
0.999556
0.999625
0.999706
0.999789
0.999863
0.999918
0.999953
0.99998
1.00003
1.00014
1.00032
1.00056
1.00018
1.0001
1
0.99992
0.999842
0.999764
0.99969
0.999628
0.999582
0.999552
0.99954
0.999549
0.999579
0.999626
0.999685
0.999747
0.999804
0.999847
0.999874
0.99989
0.999917
0.999984
1.00012
1.00031
1.00055
1.00019
1.00011
1.00001
0.999934
0.999859
0.999787
0.99972
0.999666
0.999628
0.999606
0.999602
0.999614
0.999642
0.999681
0.999723
0.999763
0.999794
0.999812
0.999822
0.999832
0.999868
0.999956
1.00011
1.00031
1.00053
1.0002
1.00012
1.00003
0.999955
0.999884
0.999817
0.999757
0.99971
0.999677
0.99966
0.999658
0.999669
0.999689
0.999714
0.999738
0.999757
0.999767
0.999769
0.99977
0.999786
0.999838
0.999944
1.00011
1.00031
1.00051
1.00021
1.00013
1.00005
0.999978
0.999911
0.99985
0.999796
0.999753
0.999723
0.999707
0.999702
0.999707
0.999717
0.999728
0.999735
0.999737
0.999732
0.999727
0.999727
0.999754
0.999824
0.999946
1.00012
1.00031
1.00049
1.00021
1.00014
1.00007
1
0.999939
0.999882
0.999832
0.999792
0.999762
0.999743
0.999734
0.99973
0.999729
0.999727
0.99972
0.99971
0.999697
0.999688
0.999698
0.999738
0.999823
0.999957
1.00013
1.00031
1.00045
1.00021
1.00015
1.00008
1.00002
0.999964
0.999911
0.999864
0.999824
0.999792
0.999769
0.999753
0.999741
0.999729
0.999716
0.9997
0.999681
0.999667
0.999661
0.999681
0.999736
0.999833
0.999972
1.00014
1.00029
1.00042
1.00022
1.00016
1.0001
1.00004
0.999987
0.999936
0.99989
0.99985
0.999815
0.999786
0.999763
0.999742
0.999722
0.999701
0.999678
0.999658
0.999643
0.999649
0.999679
0.999744
0.99985
0.999988
1.00014
1.00028
1.00038
1.00022
1.00017
1.00011
1.00006
1.00001
0.999957
0.999912
0.99987
0.999831
0.999797
0.999767
0.999739
0.999712
0.999686
0.999661
0.999642
0.999633
0.999647
0.999687
0.999761
0.999869
1
1.00014
1.00026
1.00033
1.00023
1.00018
1.00013
1.00007
1.00002
0.999975
0.99993
0.999885
0.999843
0.999804
0.999768
0.999735
0.999703
0.999674
0.99965
0.999633
0.999634
0.999654
0.999702
0.999782
0.999889
1.00001
1.00013
1.00023
1.00029
1.00024
1.00019
1.00014
1.00009
1.00004
0.99999
0.999944
0.999898
0.999853
0.99981
0.999769
0.999732
0.999698
0.999668
0.999646
0.999634
0.999641
0.999668
0.999723
0.999804
0.999907
1.00002
1.00012
1.0002
1.00024
1.00025
1.0002
1.00015
1.0001
1.00005
1
0.999956
0.999909
0.999862
0.999816
0.999772
0.999732
0.999697
0.999668
0.999649
0.999643
0.999654
0.999688
0.999746
0.999826
0.999922
1.00002
1.00011
1.00017
1.00019
1.00027
1.00022
1.00017
1.00011
1.00006
1.00002
0.999968
0.99992
0.999871
0.999823
0.999778
0.999737
0.999702
0.999675
0.999659
0.999658
0.999674
0.999711
0.999769
0.999846
0.999933
1.00002
1.00009
1.00013
1.00014
1.00028
1.00023
1.00018
1.00013
1.00008
1.00003
0.99998
0.999931
0.999881
0.999833
0.999787
0.999746
0.999712
0.999687
0.999675
0.999677
0.999697
0.999735
0.999792
0.999862
0.999939
1.00001
1.00007
1.0001
1.0001
1.0003
1.00025
1.0002
1.00014
1.00009
1.00004
0.999993
0.999944
0.999894
0.999845
0.9998
0.99976
0.999727
0.999705
0.999695
0.9997
0.999721
0.999759
0.999812
0.999875
0.999941
0.999999
1.00004
1.00006
1.00005
1.00031
1.00027
1.00022
1.00016
1.00011
1.00006
1.00001
0.999958
0.999909
0.999861
0.999816
0.999777
0.999746
0.999726
0.999718
0.999725
0.999746
0.999782
0.99983
0.999885
0.999939
0.999984
1.00001
1.00002
1
1.00033
1.00029
1.00024
1.00018
1.00013
1.00008
1.00003
0.999976
0.999927
0.999879
0.999836
0.999798
0.999769
0.99975
0.999744
0.99975
0.999771
0.999803
0.999845
0.99989
0.999933
0.999966
0.999983
0.99998
0.999957
1.00035
1.00031
1.00026
1.0002
1.00015
1.0001
1.00005
0.999996
0.999947
0.999901
0.999859
0.999823
0.999795
0.999777
0.999771
0.999777
0.999794
0.999822
0.999856
0.999893
0.999924
0.999946
0.999952
0.999941
0.999913
1.00037
1.00033
1.00028
1.00023
1.00017
1.00012
1.00007
1.00002
0.999971
0.999925
0.999884
0.999849
0.999822
0.999805
0.999798
0.999802
0.999816
0.999838
0.999865
0.999892
0.999913
0.999924
0.999921
0.999902
0.99987
1.00039
1.00035
1.0003
1.00025
1.0002
1.00015
1.00009
1.00004
0.999996
0.999952
0.999911
0.999877
0.999851
0.999833
0.999825
0.999826
0.999836
0.999852
0.99987
0.999888
0.999899
0.9999
0.999889
0.999864
0.999828
1.00041
1.00037
1.00033
1.00028
1.00023
1.00017
1.00012
1.00007
1.00002
0.99998
0.99994
0.999907
0.99988
0.999861
0.999851
0.999849
0.999854
0.999863
0.999873
0.999881
0.999883
0.999875
0.999856
0.999826
0.999788
1.00043
1.00039
1.00035
1.0003
1.00025
1.0002
1.00015
1.0001
1.00005
1.00001
0.99997
0.999936
0.999909
0.999889
0.999876
0.99987
0.999869
0.999871
0.999873
0.999872
0.999865
0.999849
0.999824
0.999789
0.999748
1.00045
1.00042
1.00038
1.00033
1.00028
1.00023
1.00018
1.00013
1.00008
1.00004
1
0.999967
0.999938
0.999916
0.999899
0.999888
0.999881
0.999876
0.99987
0.999861
0.999846
0.999822
0.999791
0.999752
0.999709
1.00048
1.00045
1.00041
1.00036
1.00031
1.00026
1.00021
1.00016
1.00012
1.00007
1.00003
0.999996
0.999966
0.999941
0.999921
0.999905
0.999892
0.999879
0.999865
0.999848
0.999825
0.999795
0.999758
0.999716
0.99967
1.0005
1.00047
1.00044
1.00039
1.00035
1.0003
1.00025
1.0002
1.00015
1.0001
1.00006
1.00003
0.999993
0.999964
0.99994
0.999919
0.999899
0.99988
0.999858
0.999833
0.999803
0.999767
0.999725
0.99968
0.999632
1.00053
1.0005
1.00047
1.00042
1.00038
1.00033
1.00028
1.00023
1.00018
1.00014
1.00009
1.00005
1.00002
0.999986
0.999957
0.99993
0.999904
0.999878
0.999849
0.999817
0.99978
0.999738
0.999692
0.999643
0.999593
1.00056
1.00053
1.0005
1.00046
1.00041
1.00036
1.00032
1.00027
1.00022
1.00017
1.00012
1.00008
1.00004
1.00001
0.999972
0.99994
0.999907
0.999874
0.999838
0.999799
0.999756
0.999709
0.999659
0.999606
0.999554
1.00059
1.00056
1.00053
1.00049
1.00045
1.0004
1.00035
1.0003
1.00025
1.0002
1.00015
1.00011
1.00007
1.00003
0.999986
0.999947
0.999908
0.999868
0.999826
0.99978
0.999731
0.999679
0.999624
0.999569
0.999515
1.00063
1.0006
1.00057
1.00053
1.00048
1.00044
1.00039
1.00034
1.00028
1.00023
1.00018
1.00013
1.00009
1.00004
0.999997
0.999953
0.999908
0.999861
0.999812
0.99976
0.999705
0.999648
0.999589
0.999531
0.999475
1.00066
1.00063
1.0006
1.00056
1.00052
1.00047
1.00042
1.00037
1.00032
1.00026
1.00021
1.00016
1.00011
1.00006
1.00001
0.999957
0.999905
0.999852
0.999796
0.999738
0.999678
0.999616
0.999554
0.999492
0.999433
1.0007
1.00067
1.00064
1.0006
1.00056
1.00051
1.00046
1.00041
1.00035
1.0003
1.00024
1.00018
1.00013
1.00007
1.00002
0.999959
0.999901
0.999841
0.999779
0.999715
0.99965
0.999583
0.999517
0.999452
0.99939
1.00074
1.00071
1.00068
1.00064
1.0006
1.00055
1.0005
1.00044
1.00038
1.00033
1.00027
1.00021
1.00015
1.00008
1.00002
0.99996
0.999895
0.999829
0.999761
0.999691
0.999621
0.999549
0.999479
0.999411
0.999347
1.00078
1.00075
1.00072
1.00068
1.00064
1.00059
1.00054
1.00048
1.00042
1.00036
1.00029
1.00023
1.00016
1.0001
1.00003
0.999961
0.99989
0.999818
0.999744
0.999668
0.999592
0.999516
0.999442
0.99937
0.999302
1.00082
1.0008
1.00077
1.00073
1.00068
1.00063
1.00058
1.00052
1.00045
1.00039
1.00032
1.00025
1.00018
1.00011
1.00003
0.999959
0.999881
0.999803
0.999723
0.999641
0.99956
0.999479
0.9994
0.999324
0.999253
1.00087
1.00084
1.00081
1.00077
1.00073
1.00067
1.00062
1.00055
1.00049
1.00042
1.00035
1.00027
1.0002
1.00012
1.00004
0.999957
0.999873
0.999788
0.999702
0.999615
0.999528
0.999442
0.999359
0.999279
0.999204
1.00092
1.00089
1.00086
1.00082
1.00077
1.00072
1.00066
1.00059
1.00052
1.00045
1.00038
1.0003
1.00021
1.00013
1.00004
0.999954
0.999864
0.999772
0.99968
0.999587
0.999495
0.999404
0.999316
0.999232
0.999153
1.00097
1.00094
1.00091
1.00087
1.00082
1.00076
1.0007
1.00063
1.00056
1.00048
1.0004
1.00032
1.00023
1.00014
1.00005
0.999951
0.999854
0.999756
0.999657
0.999559
0.999461
0.999365
0.999272
0.999183
0.9991
1.00102
1.001
1.00096
1.00092
1.00087
1.00081
1.00075
1.00068
1.0006
1.00052
1.00043
1.00034
1.00025
1.00015
1.00005
0.999948
0.999844
0.999739
0.999634
0.999529
0.999425
0.999324
0.999226
0.999132
0.999044
1.00108
1.00105
1.00102
1.00097
1.00092
1.00086
1.00079
1.00072
1.00064
1.00055
1.00046
1.00036
1.00026
1.00016
1.00005
0.999943
0.999833
0.999721
0.99961
0.999498
0.999388
0.999281
0.999178
0.999079
0.998986
1.00114
1.00111
1.00108
1.00103
1.00098
1.00091
1.00084
1.00076
1.00068
1.00059
1.00049
1.00039
1.00028
1.00017
1.00005
0.999939
0.999821
0.999703
0.999584
0.999466
0.99935
0.999237
0.999128
0.999024
0.998926
1.0012
1.00118
1.00114
1.00109
1.00103
1.00097
1.00089
1.00081
1.00072
1.00062
1.00052
1.00041
1.0003
1.00018
1.00006
0.999934
0.999809
0.999683
0.999557
0.999433
0.99931
0.999191
0.999076
0.998966
0.998863
1.00127
1.00124
1.0012
1.00115
1.00109
1.00102
1.00095
1.00086
1.00076
1.00066
1.00055
1.00043
1.00031
1.00019
1.00006
0.999928
0.999796
0.999663
0.99953
0.999398
0.999269
0.999143
0.999021
0.998906
0.998796
1.00134
1.00131
1.00127
1.00122
1.00116
1.00108
1.001
1.00091
1.00081
1.0007
1.00058
1.00046
1.00033
1.0002
1.00006
0.999922
0.999782
0.999641
0.9995
0.999361
0.999225
0.999093
0.998965
0.998843
0.998727
1.00141
1.00138
1.00134
1.00129
1.00122
1.00115
1.00106
1.00096
1.00085
1.00074
1.00061
1.00048
1.00035
1.00021
1.00006
0.999916
0.999767
0.999618
0.99947
0.999323
0.99918
0.99904
0.998905
0.998777
0.998655
1.00149
1.00146
1.00142
1.00136
1.00129
1.00121
1.00112
1.00101
1.0009
1.00078
1.00065
1.00051
1.00037
1.00022
1.00006
0.999908
0.999751
0.999594
0.999438
0.999283
0.999132
0.998985
0.998843
0.998708
0.998579
1.00157
1.00154
1.0015
1.00144
1.00136
1.00128
1.00118
1.00107
1.00095
1.00082
1.00068
1.00054
1.00038
1.00023
1.00006
0.9999
0.999735
0.999569
0.999404
0.999241
0.999082
0.998927
0.998778
0.998636
0.9985
1.00166
1.00163
1.00158
1.00152
1.00144
1.00135
1.00125
1.00113
1.001
1.00087
1.00072
1.00056
1.0004
1.00024
1.00007
0.999892
0.999716
0.999541
0.999367
0.999196
0.999029
0.998866
0.99871
0.99856
0.998417
1.00175
1.00172
1.00167
1.0016
1.00152
1.00142
1.00132
1.00119
1.00106
1.00091
1.00076
1.00059
1.00042
1.00025
1.00007
0.999882
0.999697
0.999512
0.999329
0.999149
0.998973
0.998802
0.998638
0.99848
0.99833
1.00185
1.00181
1.00176
1.00169
1.0016
1.0015
1.00139
1.00126
1.00112
1.00096
1.0008
1.00062
1.00044
1.00026
1.00006
0.99987
0.999675
0.999481
0.999288
0.999099
0.998914
0.998734
0.998562
0.998396
0.998239
1.00195
1.00191
1.00185
1.00178
1.00169
1.00159
1.00146
1.00133
1.00117
1.00101
1.00084
1.00065
1.00046
1.00026
1.00006
0.999858
0.999652
0.999447
0.999244
0.999045
0.998851
0.998663
0.998481
0.998308
0.998143
1.00205
1.00201
1.00196
1.00188
1.00178
1.00167
1.00154
1.0014
1.00124
1.00106
1.00088
1.00068
1.00048
1.00027
1.00006
0.999843
0.999626
0.99941
0.999197
0.998988
0.998784
0.998586
0.998396
0.998215
0.998041
1.00216
1.00212
1.00206
1.00198
1.00188
1.00176
1.00162
1.00147
1.0013
1.00112
1.00092
1.00071
1.0005
1.00028
1.00005
0.999826
0.999598
0.99937
0.999146
0.998926
0.998712
0.998505
0.998307
0.998116
0.997935
1.00228
1.00224
1.00218
1.00209
1.00198
1.00186
1.00171
1.00155
1.00137
1.00117
1.00096
1.00075
1.00052
1.00029
1.00005
0.999807
0.999566
0.999326
0.99909
0.99886
0.998635
0.998419
0.998211
0.998012
0.997823
1.0024
1.00236
1.00229
1.0022
1.00209
1.00195
1.0018
1.00163
1.00143
1.00123
1.00101
1.00078
1.00054
1.00029
1.00004
0.999785
0.99953
0.999278
0.99903
0.998788
0.998553
0.998327
0.998109
0.997902
0.997704
1.00253
1.00249
1.00242
1.00232
1.0022
1.00206
1.00189
1.00171
1.00151
1.00129
1.00105
1.00081
1.00055
1.00029
1.00003
0.999759
0.999491
0.999226
0.998965
0.998711
0.998465
0.998228
0.998001
0.997785
0.997579
1.00267
1.00262
1.00255
1.00244
1.00232
1.00217
1.00199
1.00179
1.00158
1.00135
1.0011
1.00084
1.00057
1.00029
1.00001
0.999729
0.999446
0.999167
0.998893
0.998627
0.998369
0.998122
0.997885
0.99766
0.997446
1.00281
1.00276
1.00268
1.00257
1.00244
1.00228
1.00209
1.00188
1.00165
1.00141
1.00115
1.00087
1.00058
1.00029
0.999993
0.999694
0.999396
0.999102
0.998815
0.998535
0.998266
0.998007
0.997761
0.997527
0.997305
1.00297
1.00291
1.00283
1.00271
1.00257
1.00239
1.0022
1.00198
1.00173
1.00147
1.00119
1.0009
1.00059
1.00028
0.99997
0.999654
0.99934
0.999031
0.998728
0.998436
0.998154
0.997884
0.997628
0.997385
0.997155
1.00312
1.00307
1.00298
1.00285
1.0027
1.00252
1.00231
1.00207
1.00181
1.00153
1.00124
1.00092
1.0006
1.00027
0.999941
0.999607
0.999276
0.998951
0.998633
0.998326
0.998032
0.997751
0.997485
0.997233
0.996996
1.00329
1.00323
1.00313
1.003
1.00284
1.00264
1.00242
1.00217
1.00189
1.00159
1.00128
1.00095
1.00061
1.00026
0.999906
0.999553
0.999204
0.998861
0.998528
0.998207
0.997899
0.997607
0.99733
0.99707
0.996825
1.00346
1.0034
1.0033
1.00316
1.00298
1.00277
1.00253
1.00227
1.00197
1.00166
1.00132
1.00097
1.00061
1.00024
0.999863
0.999491
0.999122
0.998761
0.998412
0.998075
0.997754
0.99745
0.997163
0.996895
0.996643
1.00364
1.00358
1.00347
1.00332
1.00313
1.00291
1.00265
1.00237
1.00205
1.00172
1.00136
1.00099
1.0006
1.00021
0.999812
0.999418
0.999029
0.998649
0.998282
0.99793
0.997595
0.997279
0.996983
0.996706
0.996448
1.00383
1.00376
1.00364
1.00349
1.00329
1.00305
1.00278
1.00247
1.00214
1.00178
1.00139
1.001
1.00059
1.00017
0.999751
0.999334
0.998924
0.998524
0.998138
0.99777
0.997421
0.997093
0.996787
0.996502
0.996238
1.00403
1.00395
1.00383
1.00366
1.00345
1.00319
1.0029
1.00257
1.00222
1.00183
1.00143
1.001
1.00057
1.00012
0.999678
0.999237
0.998803
0.998382
0.997978
0.997592
0.997229
0.996889
0.996573
0.996281
0.996012
1.00424
1.00415
1.00402
1.00384
1.00361
1.00334
1.00303
1.00268
1.00229
1.00188
1.00145
1.001
1.00053
1.00006
0.999591
0.999124
0.998666
0.998223
0.997798
0.997395
0.997017
0.996665
0.99634
0.996041
0.995767
1.00445
1.00436
1.00422
1.00402
1.00378
1.00349
1.00315
1.00278
1.00237
1.00193
1.00147
1.00098
1.00049
0.999989
0.999488
0.998993
0.998509
0.998043
0.997597
0.997176
0.996783
0.996419
0.996084
0.995779
0.995502
1.00467
1.00458
1.00442
1.00421
1.00395
1.00364
1.00328
1.00288
1.00244
1.00197
1.00147
1.00096
1.00043
0.999898
0.999366
0.998841
0.99833
0.997838
0.997371
0.996931
0.996523
0.996147
0.995804
0.995494
0.995215
1.0049
1.00479
1.00463
1.00441
1.00413
1.00379
1.0034
1.00297
1.0025
1.002
1.00147
1.00092
1.00036
0.999787
0.999221
0.998665
0.998125
0.997607
0.997116
0.996658
0.996233
0.995846
0.995496
0.995183
0.994907
1.00513
1.00502
1.00484
1.0046
1.0043
1.00394
1.00352
1.00306
1.00256
1.00202
1.00145
1.00086
1.00026
0.999652
0.99905
0.99846
0.997889
0.997343
0.996829
0.996351
0.995911
0.995514
0.995159
0.994849
0.994582
1.00536
1.00525
1.00506
1.0048
1.00447
1.00408
1.00364
1.00314
1.0026
1.00202
1.00141
1.00078
1.00014
0.999489
0.998848
0.998222
0.997618
0.997043
0.996504
0.996007
0.995554
0.99515
0.994797
0.994499
0.994257
1.0056
1.00547
1.00527
1.00499
1.00464
1.00422
1.00374
1.00321
1.00262
1.002
1.00135
1.00067
0.999982
0.999292
0.99861
0.997945
0.997306
0.996702
0.99614
0.995626
0.995165
0.994763
0.994425
0.994159
0.993972
1.00583
1.0057
1.00548
1.00518
1.0048
1.00435
1.00383
1.00325
1.00263
1.00196
1.00125
1.00053
0.999792
0.999055
0.998329
0.997625
0.996952
0.99632
0.995739
0.995216
0.994759
0.994376
0.994081
0.993885
0.993809
1.00606
1.00591
1.00567
1.00535
1.00494
1.00445
1.0039
1.00328
1.0026
1.00188
1.00112
1.00035
0.99956
0.998775
0.998005
0.997263
0.99656
0.995909
0.99532
0.994806
0.994376
0.994048
0.993842
0.993767
0.993856
1.00627
1.00611
1.00585
1.0055
1.00506
1.00454
1.00394
1.00327
1.00254
1.00177
1.00096
1.00013
0.999289
0.998458
0.99765
0.996879
0.99616
0.995507
0.994936
0.994464
0.994101
0.993883
0.993811
0.993921
0.994233
1.00645
1.00628
1.00601
1.00563
1.00515
1.00459
1.00394
1.00322
1.00244
1.00162
1.00076
0.999881
0.999
0.998136
0.997306
0.996528
0.99582
0.995201
0.99469
0.994309
0.994057
0.994021
0.994141
0.994482
0.995056
1.00659
1.00641
1.00612
1.00571
1.0052
1.0046
1.00391
1.00315
1.00233
1.00146
1.00057
0.999658
0.998756
0.997885
0.997067
0.996322
0.995669
0.995132
0.994736
0.994493
0.994443
0.994585
0.994938
0.995497
0.996236
1.00668
1.00649
1.00618
1.00575
1.00522
1.00459
1.00388
1.00309
1.00225
1.00137
1.00046
0.999556
0.998674
0.997845
0.997087
0.996422
0.995874
0.995468
0.995229
0.995164
0.995299
0.995632
0.996137
0.996796
0.997558
1.00669
1.0065
1.00619
1.00576
1.00523
1.0046
1.00389
1.00312
1.00229
1.00143
1.00057
0.999715
0.998914
0.998175
0.997516
0.996969
0.996557
0.996298
0.996209
0.996291
0.996538
0.99694
0.99746
0.998056
0.998675
1.00665
1.00647
1.00617
1.00577
1.00527
1.00468
1.00402
1.0033
1.00254
1.00176
1.00099
1.00024
0.999553
0.998918
0.998372
0.997945
0.997649
0.997488
0.997467
0.997579
0.997809
0.998133
0.998516
0.998925
0.999323
1.00658
1.00642
1.00616
1.00581
1.00537
1.00485
1.00428
1.00365
1.003
1.00233
1.00167
1.00103
1.00043
0.999899
0.999438
0.999069
0.9988
0.998631
0.998562
0.998585
0.998688
0.998851
0.999053
0.99928
0.999511
1.00651
1.00638
1.00616
1.00587
1.0055
1.00506
1.00458
1.00404
1.00348
1.0029
1.00232
1.00175
1.00121
1.00071
1.00025
0.999865
0.999547
0.999303
0.999136
0.999044
0.999028
0.999072
0.999172
0.999314
0.999487
1.00648
1.00636
1.00617
1.0059
1.00557
1.00518
1.00474
1.00425
1.00372
1.00318
1.00262
1.00207
1.00153
1.00102
1.00054
1.00012
0.999766
0.999478
0.999266
0.999131
0.999076
0.999092
0.999171
0.999301
0.999469
1.00116
1.00142
1.00243
1.00275
1.00233
1.00228
1.00233
1.00212
1.00178
1.00148
1.00127
1.00109
1.00083
1.00044
1.00002
0.999686
0.999472
0.999323
0.999195
0.999095
0.998978
0.999093
1.00049
1.00142
1.0005
1.0004
1.00199
1.00275
1.00257
1.00215
1.00227
1.00236
1.00216
1.00178
1.00145
1.00127
1.00111
1.00085
1.00047
1.00004
0.999695
0.999478
0.999351
0.999253
0.999177
0.999135
0.999358
1.00073
1.00232
1.00118
1.00168
1.00196
1.00215
1.00217
1.00213
1.00226
1.0023
1.00205
1.00169
1.00142
1.00126
1.0011
1.00085
1.00048
1.00007
0.999719
0.999491
0.999369
0.999288
0.999225
0.999208
0.999339
1.00009
1.00208
1.00111
1.00153
1.00191
1.00205
1.00211
1.00215
1.00225
1.00223
1.00196
1.00164
1.0014
1.00125
1.00109
1.00085
1.0005
1.00011
0.999752
0.999511
0.999385
0.99932
0.99927
0.999255
0.999285
0.999559
1.00121
1.00103
1.00148
1.00159
1.00174
1.00195
1.00214
1.00224
1.00213
1.00185
1.00157
1.00137
1.00122
1.00106
1.00084
1.00053
1.00015
0.999797
0.999541
0.999402
0.999343
0.999295
0.999233
0.999178
0.999166
0.999818
1.00072
1.00132
1.00151
1.00171
1.00197
1.00216
1.00216
1.00199
1.00173
1.0015
1.00134
1.00119
1.00103
1.00082
1.00055
1.0002
0.999852
0.999582
0.999424
0.999361
0.999305
0.99919
0.99913
0.99913
0.999299
0.999995
1.00123
1.00142
1.00166
1.00194
1.00211
1.00207
1.00186
1.00162
1.00144
1.0013
1.00115
1.00099
1.0008
1.00056
1.00025
0.999915
0.999635
0.999456
0.999383
0.999314
0.999175
0.999202
0.999989
0.9999
0.999887
1.00119
1.00139
1.00166
1.00193
1.00204
1.00193
1.00171
1.00151
1.00137
1.00125
1.00111
1.00095
1.00078
1.00057
1.0003
0.999982
0.9997
0.999503
0.999416
0.999338
0.999268
0.999633
1.00118
1.00136
1.00074
1.00115
1.00136
1.00163
1.00187
1.00193
1.00179
1.00157
1.00141
1.0013
1.0012
1.00107
1.00091
1.00075
1.00057
1.00033
1.00005
0.999773
0.999567
0.999464
0.999391
0.999404
1.00016
1.00155
1.00229
1.00187
1.00109
1.00133
1.0016
1.0018
1.00181
1.00163
1.00144
1.00131
1.00124
1.00115
1.00102
1.00087
1.00072
1.00057
1.00037
1.00011
0.99985
0.999643
0.999528
0.99947
0.999529
1.00049
1.00162
1.00236
1.00168
1.00104
1.00129
1.00156
1.00171
1.00167
1.00149
1.00131
1.00122
1.00117
1.0011
1.00097
1.00082
1.00069
1.00056
1.00039
1.00017
0.999928
0.999727
0.999605
0.999559
0.999647
1.00047
1.00165
1.00186
1.00069
1.00098
1.00125
1.0015
1.00161
1.00153
1.00134
1.0012
1.00114
1.00111
1.00105
1.00092
1.00078
1.00065
1.00054
1.0004
1.00021
1
0.999812
0.999686
0.999643
0.999717
1.00019
1.00148
1.00158
1.00038
1.00094
1.00121
1.00143
1.0015
1.00138
1.00121
1.00109
1.00105
1.00104
1.00099
1.00088
1.00074
1.00062
1.00051
1.0004
1.00025
1.00006
0.999891
0.999766
0.999717
0.999749
0.999902
1.00097
1.00166
1.00106
1.0009
1.00117
1.00136
1.00137
1.00125
1.00108
1.00099
1.00098
1.00098
1.00094
1.00083
1.0007
1.00058
1.00049
1.00039
1.00027
1.00011
0.999959
0.999839
0.999777
0.999777
0.999759
1.00026
1.00137
1.00178
1.00088
1.00113
1.00127
1.00125
1.00111
1.00097
1.0009
1.0009
1.00092
1.00088
1.00078
1.00066
1.00055
1.00046
1.00038
1.00028
1.00015
1.00001
0.999899
0.999822
0.999802
0.999721
0.99969
1.00034
1.00129
1.00085
1.00107
1.00117
1.00113
1.00099
1.00086
1.00081
1.00083
1.00085
1.00083
1.00074
1.00062
1.00051
1.00043
1.00036
1.00028
1.00017
1.00005
0.999943
0.999843
0.999786
0.999709
0.999448
0.999406
0.999998
1.00083
1.00101
1.00107
1.001
1.00087
1.00076
1.00073
1.00075
1.00079
1.00077
1.0007
1.00058
1.00048
1.0004
1.00034
1.00027
1.00018
1.00008
0.999972
0.999832
0.999711
0.999666
0.999483
0.999147
0.999229
1.00079
1.00094
1.00097
1.00089
1.00076
1.00066
1.00065
1.00069
1.00073
1.00072
1.00065
1.00055
1.00045
1.00037
1.00031
1.00025
1.00018
1.00009
0.999986
0.999799
0.999652
0.99966
0.999966
0.999584
0.999291
1.00075
1.00087
1.00087
1.00077
1.00066
1.00058
1.00057
1.00062
1.00067
1.00067
1.00061
1.00052
1.00043
1.00035
1.00029
1.00024
1.00017
1.0001
0.999993
0.999777
0.999686
1.00019
1.00114
1.00127
1.00062
1.00071
1.00079
1.00077
1.00067
1.00056
1.0005
1.0005
1.00056
1.00061
1.00062
1.00057
1.00049
1.0004
1.00033
1.00027
1.00022
1.00017
1.00011
0.999999
0.999789
0.999978
1.00108
1.00234
1.00288
1.0025
1.00065
1.00071
1.00067
1.00057
1.00047
1.00043
1.00044
1.00049
1.00055
1.00057
1.00053
1.00046
1.00038
1.00031
1.00025
1.00021
1.00016
1.00012
1.00002
0.999882
1.00046
1.00151
1.00262
1.00333
1.0031
1.0006
1.00063
1.00058
1.00048
1.0004
1.00036
1.00038
1.00043
1.00049
1.00052
1.00049
1.00043
1.00036
1.00029
1.00024
1.0002
1.00016
1.00013
1.00005
1.00001
1.00088
1.0017
1.00209
1.00291
1.0024
1.00054
1.00055
1.00049
1.0004
1.00032
1.0003
1.00032
1.00038
1.00044
1.00047
1.00045
1.0004
1.00034
1.00027
1.00022
1.00019
1.00016
1.00015
1.00009
1.00016
1.00107
1.00157
1.00132
1.00144
1.00073
1.00048
1.00047
1.00041
1.00032
1.00026
1.00024
1.00026
1.00032
1.00038
1.00042
1.00042
1.00038
1.00032
1.00026
1.00021
1.00018
1.00016
1.00016
1.00014
1.00024
1.00105
1.00132
1.00071
1.0001
0.999317
1.00042
1.0004
1.00033
1.00025
1.0002
1.00018
1.00021
1.00027
1.00033
1.00037
1.00038
1.00035
1.0003
1.00025
1.0002
1.00017
1.00016
1.00017
1.00016
1.00027
1.00092
1.00127
1.00057
0.999551
0.99877
1.00035
1.00032
1.00026
1.00019
1.00014
1.00013
1.00016
1.00022
1.00028
1.00032
1.00034
1.00032
1.00028
1.00023
1.0002
1.00017
1.00016
1.00017
1.00018
1.00026
1.0007
1.00131
1.00094
0.999937
0.999134
1.00029
1.00026
1.00019
1.00013
1.00008
1.00008
1.00011
1.00017
1.00023
1.00028
1.00029
1.00028
1.00026
1.00022
1.00019
1.00016
1.00015
1.00017
1.00018
1.00023
1.00046
1.00122
1.00144
1.00096
1.00053
1.00023
1.00019
1.00013
1.00007
1.00003
1.00003
1.00007
1.00012
1.00018
1.00023
1.00025
1.00025
1.00023
1.0002
1.00018
1.00016
1.00015
1.00016
1.00017
1.0002
1.00028
1.00086
1.00157
1.00187
1.00217
1.00018
1.00013
1.00007
1.00002
0.999987
0.999988
1.00002
1.00008
1.00014
1.00018
1.00021
1.00022
1.00021
1.00019
1.00016
1.00015
1.00014
1.00014
1.00015
1.00016
1.00015
1.00039
1.00117
1.00198
1.00284
1.00012
1.00007
1.00002
0.999968
0.999941
0.999946
0.999978
1.00003
1.00009
1.00014
1.00017
1.00018
1.00018
1.00017
1.00015
1.00013
1.00012
1.00012
1.00012
1.00012
1.00007
1.00001
1.00044
1.00131
1.00223
1.00007
1.00002
0.999966
0.999921
0.999898
0.999904
0.999936
0.999986
1.00004
1.00009
1.00013
1.00015
1.00015
1.00014
1.00013
1.00012
1.00011
1.0001
1.00009
1.00007
1.00002
0.999824
0.999796
1.00023
1.00092
1.00002
0.999968
0.999917
0.999876
0.999857
0.999864
0.999895
0.999943
0.999998
1.00005
1.00009
1.00011
1.00012
1.00012
1.00011
1.0001
1.00008
1.00007
1.00005
1.00002
0.999955
0.999745
0.999431
0.999326
0.999568
0.999966
0.999919
0.999871
0.999833
0.999817
0.999825
0.999855
0.9999
0.999953
1
1.00005
1.00007
1.00009
1.00009
1.00009
1.00007
1.00006
1.00004
1
0.999956
0.999861
0.99965
0.999248
0.998808
0.998637
0.999918
0.999872
0.999826
0.999792
0.999778
0.999786
0.999815
0.999859
0.99991
0.999961
1
1.00004
1.00005
1.00006
1.00006
1.00005
1.00003
0.999996
0.999946
0.999868
0.999722
0.999474
0.999062
0.998536
0.998221
0.999872
0.999827
0.999784
0.999753
0.99974
0.999748
0.999776
0.999818
0.999867
0.999917
0.999962
0.999997
1.00002
1.00003
1.00003
1.00002
0.999993
0.999952
0.999871
0.999741
0.999532
0.999251
0.998861
0.998431
0.998146
0.999828
0.999783
0.999743
0.999714
0.999703
0.999711
0.999737
0.999777
0.999825
0.999875
0.99992
0.999958
0.999984
0.999999
1
0.99999
0.999957
0.999904
0.999771
0.999575
0.99934
0.999127
0.998882
0.998624
0.998512
0.999785
0.999742
0.999703
0.999677
0.999666
0.999673
0.999698
0.999737
0.999783
0.999832
0.999879
0.999919
0.999949
0.999968
0.999974
0.999961
0.999924
0.999849
0.999646
0.999412
0.999252
0.999323
0.999537
0.999605
0.999684
0.999744
0.999701
0.999664
0.999639
0.999629
0.999636
0.99966
0.999696
0.999741
0.99979
0.999837
0.99988
0.999914
0.999938
0.999947
0.999935
0.999897
0.99979
0.999532
0.999353
0.999612
1.00043
1.00115
1.00151
1.00163
0.999703
0.999661
0.999626
0.999602
0.999592
0.999599
0.999621
0.999655
0.999699
0.999748
0.999796
0.999842
0.99988
0.99991
0.999923
0.999916
0.99988
0.999738
0.99949
0.999618
1.00081
1.00209
1.003
1.00338
1.00337
0.999664
0.999622
0.999587
0.999564
0.999554
0.99956
0.999581
0.999614
0.999657
0.999705
0.999755
0.999805
0.999847
0.999883
0.999904
0.999906
0.999872
0.999702
0.999559
1.00035
1.00206
1.00342
1.00397
1.00407
1.00395
0.999624
0.999582
0.999548
0.999525
0.999516
0.999521
0.999541
0.999572
0.999614
0.999663
0.999714
0.999767
0.999816
0.99986
0.999888
0.999906
0.999874
0.999694
0.999811
1.00114
1.00305
1.00391
1.00404
1.00391
1.00349
0.999585
0.999543
0.999509
0.999486
0.999476
0.999481
0.999499
0.999529
0.999571
0.999619
0.999673
0.99973
0.999785
0.999838
0.999878
0.999915
0.999889
0.999777
1.00024
1.00214
1.0036
1.00373
1.00327
1.00284
1.00228
0.999545
0.999503
0.999469
0.999446
0.999435
0.999438
0.999455
0.999485
0.999525
0.999575
0.999631
0.999692
0.999754
0.999817
0.999873
0.99993
0.999919
0.999912
1.00077
1.00288
1.00367
1.00295
1.00218
1.00152
1.00084
0.999505
0.999462
0.999427
0.999404
0.999392
0.999394
0.99941
0.999439
0.999479
0.999529
0.999588
0.999653
0.999723
0.999797
0.999869
0.999946
0.99996
1.00006
1.0012
1.0032
1.00352
1.00217
1.00116
1.00032
0.999585
0.999464
0.99942
0.999385
0.99936
0.999347
0.999348
0.999363
0.99939
0.99943
0.999481
0.999542
0.999613
0.999691
0.999775
0.999865
0.999963
1
1.00021
1.00151
1.00338
1.00324
1.00155
1.00034
0.999384
0.998682
0.999422
0.999377
0.99934
0.999314
0.9993
0.9993
0.999312
0.999339
0.999378
0.99943
0.999494
0.999569
0.999655
0.999751
0.999857
0.999976
1.00004
1.00033
1.00172
1.0035
1.00297
1.00116
0.999821
0.998812
0.998224
0.999379
0.999332
0.999293
0.999266
0.99925
0.999248
0.999259
0.999285
0.999324
0.999376
0.999443
0.999522
0.999615
0.999721
0.999842
0.99998
1.00007
1.00043
1.00182
1.00356
1.00284
1.00107
0.999729
0.998725
0.998169
0.999334
0.999285
0.999245
0.999215
0.999198
0.999193
0.999203
0.999227
0.999265
0.999318
0.999386
0.999469
0.999569
0.999683
0.999818
0.999972
1.00009
1.00047
1.00182
1.00356
1.00292
1.00128
1.00006
0.999085
0.998457
0.999288
0.999237
0.999194
0.999162
0.999142
0.999136
0.999143
0.999165
0.999202
0.999255
0.999324
0.99941
0.999515
0.999636
0.999782
0.999947
1.00008
1.00046
1.00173
1.00349
1.00312
1.00171
1.00069
0.999782
0.999071
0.99924
0.999185
0.99914
0.999107
0.999084
0.999075
0.99908
0.9991
0.999136
0.999188
0.999257
0.999345
0.999454
0.999583
0.999737
0.999912
1.00006
1.00042
1.00157
1.00334
1.00327
1.00224
1.00151
1.00073
0.999923
0.999188
0.999131
0.999083
0.999046
0.999021
0.999009
0.999012
0.99903
0.999063
0.999114
0.999184
0.999274
0.999385
0.999519
0.999679
0.99986
1.00002
1.00035
1.00135
1.0031
1.00336
1.00271
1.0023
1.00172
1.00092
0.999136
0.999075
0.999024
0.998984
0.998956
0.998941
0.998941
0.998955
0.998987
0.999036
0.999104
0.999194
0.999307
0.999443
0.999606
0.99979
0.999962
1.00024
1.00109
1.00267
1.00338
1.00305
1.00296
1.00265
1.00195
0.999081
0.999017
0.998962
0.998919
0.998887
0.998869
0.998864
0.998876
0.998904
0.99895
0.999016
0.999104
0.999216
0.999352
0.999515
0.999699
0.999874
1.00012
1.0008
1.00214
1.00319
1.00317
1.00329
1.00331
1.00277
0.999024
0.998956
0.998897
0.99885
0.998814
0.998791
0.998783
0.99879
0.998814
0.998856
0.998919
0.999004
0.999112
0.999246
0.999405
0.999585
0.99976
0.999971
1.0005
1.00157
1.00274
1.00305
1.00331
1.00356
1.0033
0.998964
0.998891
0.998829
0.998777
0.998736
0.998709
0.998696
0.998698
0.998718
0.998755
0.998813
0.998893
0.998996
0.999124
0.999278
0.99945
0.99962
0.999804
1.00021
1.00102
1.00212
1.00271
1.00304
1.0035
1.00349
0.998901
0.998824
0.998756
0.9987
0.998655
0.998622
0.998604
0.998601
0.998614
0.998646
0.998697
0.99877
0.998866
0.998987
0.999131
0.999293
0.999454
0.999616
0.999921
1.00051
1.00141
1.00218
1.00257
1.00305
1.0034
0.998835
0.998753
0.998681
0.998619
0.998568
0.99853
0.998506
0.998497
0.998503
0.998528
0.998571
0.998636
0.998723
0.998833
0.998965
0.999114
0.999261
0.999404
0.999636
1.00006
1.00071
1.00148
1.00199
1.00241
1.00292
0.998767
0.998679
0.998601
0.998534
0.998477
0.998433
0.998402
0.998386
0.998385
0.998401
0.998435
0.998489
0.998564
0.998661
0.998779
0.99891
0.99904
0.999164
0.999344
0.999663
1.00009
1.0007
1.00127
1.00174
1.00225
0.998695
0.998602
0.998518
0.998444
0.998382
0.998331
0.998293
0.998268
0.998259
0.998265
0.998288
0.99833
0.998391
0.998472
0.998572
0.998683
0.998791
0.998894
0.999039
0.999288
0.999586
0.999968
1.00048
1.00104
1.00155
0.99862
0.998521
0.998431
0.998351
0.998282
0.998223
0.998177
0.998144
0.998125
0.99812
0.99813
0.998158
0.998203
0.998265
0.998343
0.998429
0.998511
0.998592
0.998714
0.998926
0.999169
0.999381
0.999707
1.00027
1.0009
0.998541
0.998436
0.998339
0.998253
0.998176
0.99811
0.998056
0.998013
0.997983
0.997965
0.997962
0.997973
0.997999
0.998039
0.998092
0.998148
0.998199
0.998258
0.998368
0.998569
0.998807
0.998958
0.999081
0.999515
1.00023
0.998459
0.998347
0.998244
0.99815
0.998066
0.997992
0.997928
0.997875
0.997833
0.997802
0.997783
0.997775
0.99778
0.997795
0.997818
0.997839
0.997855
0.997892
0.998004
0.998221
0.998487
0.998659
0.998675
0.998898
0.99957
0.998373
0.998254
0.998144
0.998043
0.997951
0.997868
0.997794
0.99773
0.997675
0.997629
0.997593
0.997565
0.997545
0.997531
0.997519
0.9975
0.99748
0.997503
0.997636
0.997899
0.998216
0.998449
0.998465
0.998518
0.999024
0.998283
0.998157
0.998039
0.99793
0.99783
0.997738
0.997654
0.997578
0.99751
0.997448
0.997392
0.997342
0.997295
0.997249
0.997196
0.997133
0.99708
0.997106
0.997287
0.997626
0.998014
0.998317
0.998391
0.998396
0.998682
0.998188
0.998055
0.99793
0.997813
0.997704
0.997603
0.997509
0.99742
0.997337
0.997258
0.997182
0.997107
0.997031
0.996947
0.996849
0.996741
0.996668
0.996726
0.996992
0.997431
0.997899
0.998264
0.998405
0.998405
0.998578
0.998089
0.997948
0.997816
0.997691
0.997573
0.997462
0.997357
0.997256
0.997158
0.997061
0.996963
0.996861
0.996752
0.996627
0.996481
0.996336
0.996269
0.996402
0.996788
0.997337
0.997873
0.99827
0.998465
0.998492
0.998609
0.997986
0.997837
0.997697
0.997563
0.997437
0.997316
0.997199
0.997085
0.996972
0.996856
0.996735
0.996606
0.99646
0.99629
0.9961
0.995939
0.995922
0.996178
0.996708
0.997349
0.997911
0.998299
0.998512
0.998599
0.998704
0.997877
0.997721
0.997572
0.997431
0.997296
0.997165
0.997037
0.996909
0.99678
0.996645
0.9965
0.996341
0.996157
0.995941
0.995721
0.995585
0.99568
0.996094
0.996759
0.997439
0.997965
0.998303
0.998519
0.998654
0.998788
0.997762
0.997599
0.997442
0.997293
0.997149
0.997008
0.996869
0.996728
0.996582
0.996428
0.99626
0.996069
0.995843
0.995593
0.995373
0.995319
0.995569
0.996171
0.996918
0.997551
0.997972
0.998229
0.99842
0.998617
0.998814
0.997642
0.997471
0.997307
0.997149
0.996997
0.996846
0.996696
0.996542
0.996381
0.996207
0.996014
0.99579
0.995528
0.995264
0.995096
0.995188
0.995634
0.996387
0.997125
0.997621
0.997889
0.998052
0.998232
0.998488
0.998765
0.997516
0.997337
0.997165
0.997
0.996839
0.99668
0.996518
0.996352
0.996175
0.995982
0.995764
0.995508
0.995223
0.99499
0.994942
0.995199
0.995889
0.996695
0.997313
0.997604
0.997714
0.997803
0.997984
0.998298
0.998654
0.997383
0.997196
0.997018
0.996845
0.996676
0.996508
0.996337
0.996158
0.995967
0.995755
0.995511
0.995231
0.994955
0.994812
0.994909
0.995421
0.996271
0.997016
0.997425
0.997501
0.997496
0.997547
0.997742
0.998099
0.998515
0.997243
0.997049
0.996863
0.996684
0.996507
0.996331
0.99615
0.995961
0.995756
0.995526
0.99526
0.994975
0.994758
0.994756
0.995054
0.995849
0.996717
0.997286
0.997453
0.997376
0.99731
0.997355
0.997564
0.997939
0.998385
0.997094
0.996894
0.996702
0.996516
0.996333
0.996149
0.99596
0.995761
0.995543
0.995296
0.995021
0.994769
0.994677
0.994816
0.995435
0.996384
0.997151
0.997481
0.997436
0.997284
0.997224
0.997271
0.99748
0.997844
0.998289
0.996938
0.996731
0.996533
0.996341
0.996152
0.995962
0.995766
0.995558
0.995328
0.995072
0.994812
0.994651
0.994685
0.995093
0.996002
0.996948
0.997524
0.997613
0.997437
0.997266
0.997216
0.997289
0.997492
0.997822
0.998242
0.996771
0.996559
0.996356
0.996159
0.995965
0.99577
0.995568
0.995352
0.995115
0.994864
0.994665
0.994627
0.99486
0.995614
0.996654
0.997489
0.997826
0.997721
0.997495
0.997362
0.997344
0.99741
0.997584
0.997866
0.998247
0.996595
0.996377
0.99617
0.995969
0.995771
0.995572
0.995365
0.995144
0.99491
0.994698
0.99461
0.994722
0.995272
0.996288
0.997326
0.997971
0.998065
0.997841
0.997635
0.997562
0.997556
0.997603
0.997737
0.997966
0.998307
0.996407
0.996185
0.995974
0.99577
0.99557
0.995368
0.995159
0.994939
0.994732
0.994611
0.994647
0.995015
0.995907
0.997038
0.997973
0.998373
0.998268
0.998005
0.997861
0.997831
0.997818
0.997839
0.997934
0.998113
0.998418
0.996207
0.995981
0.995767
0.995561
0.99536
0.995157
0.994951
0.99475
0.994609
0.994603
0.994837
0.995557
0.996671
0.997806
0.998546
0.998691
0.998457
0.998225
0.998153
0.998141
0.998106
0.998103
0.998162
0.998299
0.99857
0.995993
0.995764
0.995548
0.995342
0.995141
0.994943
0.994751
0.9946
0.994568
0.994722
0.99527
0.996285
0.997511
0.998538
0.999015
0.998943
0.998661
0.998501
0.998486
0.998467
0.998408
0.998382
0.998413
0.998517
0.998755
0.995763
0.995533
0.995317
0.995112
0.994916
0.994732
0.994579
0.994531
0.994633
0.995053
0.995928
0.997144
0.998359
0.999167
0.999371
0.999152
0.998894
0.99882
0.998833
0.998792
0.998713
0.998669
0.998677
0.998755
0.998963
0.995516
0.995286
0.995072
0.994873
0.994691
0.994542
0.994479
0.994552
0.994881
0.995623
0.996762
0.99806
0.99913
0.999656
0.999628
0.999345
0.99916
0.999159
0.999173
0.999106
0.999012
0.998955
0.998946
0.999002
0.999182
0.995251
0.995022
0.994815
0.994631
0.994484
0.994411
0.994467
0.994735
0.995369
0.996405
0.997704
0.998942
0.99976
1
0.999816
0.999544
0.999451
0.999497
0.999494
0.999406
0.9993
0.999232
0.999208
0.999248
0.999402
0.994966
0.994745
0.994554
0.994405
0.994329
0.994375
0.994607
0.99516
0.996097
0.997349
0.998666
0.999704
1.00022
1.00023
0.999965
0.999758
0.999751
0.999815
0.999791
0.999686
0.99957
0.999491
0.999458
0.999485
0.999615
0.994666
0.994462
0.994308
0.994232
0.994276
0.994489
0.994988
0.995842
0.997029
0.998362
0.999538
1.00028
1.00051
1.00036
1.0001
0.999984
1.00004
1.00011
1.00006
0.999942
0.999818
0.99973
0.999688
0.999704
0.999814
0.994361
0.994198
0.994122
0.994168
0.994378
0.994846
0.995641
0.996762
0.998073
0.999319
1.00023
1.00066
1.00067
1.00044
1.00024
1.00021
1.00031
1.00037
1.00031
1.00017
1.00004
0.999945
0.999897
0.999904
0.999996
0.994081
0.994006
0.99406
0.994277
0.994734
0.995491
0.996558
0.99783
0.999096
1.00011
1.0007
1.00085
1.00073
1.0005
1.00038
1.00043
1.00055
1.00059
1.00052
1.00038
1.00024
1.00014
1.00008
1.00008
1.00016
0.993897
0.99396
0.994193
0.994656
0.995396
0.996424
0.997654
0.998907
0.999966
1.00066
1.00094
1.00091
1.00073
1.00056
1.00052
1.00063
1.00075
1.00079
1.00071
1.00057
1.00042
1.00031
1.00025
1.00024
1.0003
0.993882
0.99414
0.994623
0.995362
0.996365
0.997556
0.998777
0.999838
1.00059
1.00096
1.001
1.00089
1.00072
1.00062
1.00065
1.00079
1.00092
1.00095
1.00088
1.00074
1.00059
1.00047
1.0004
1.00038
1.00044
0.994139
0.994652
0.995406
0.996393
0.997543
0.998718
0.999752
1.00051
1.00093
1.00104
1.00097
1.00083
1.00071
1.00068
1.00077
1.00092
1.00105
1.00109
1.00102
1.00089
1.00074
1.00062
1.00054
1.00052
1.00056
0.994782
0.995551
0.996522
0.997622
0.998733
0.999713
1.00044
1.00088
1.00103
1.001
1.00089
1.00077
1.00071
1.00073
1.00086
1.00102
1.00115
1.00119
1.00115
1.00103
1.00089
1.00077
1.00069
1.00065
1.00068
0.995824
0.99676
0.997793
0.998818
0.999718
1.00039
1.00081
1.00099
1.00098
1.0009
1.0008
1.00073
1.00071
1.00078
1.00092
1.00108
1.00121
1.00127
1.00125
1.00116
1.00103
1.00091
1.00083
1.00079
1.00081
0.997109
0.998047
0.998959
0.999751
1.00035
1.00072
1.0009
1.00092
1.00087
1.00079
1.00073
1.0007
1.00072
1.00081
1.00096
1.00112
1.00125
1.00132
1.00132
1.00126
1.00116
1.00106
1.00098
1.00093
1.00094
0.998358
0.999122
0.999779
1.00028
1.0006
1.00077
1.00082
1.0008
1.00075
1.00071
1.00068
1.00068
1.00073
1.00083
1.00097
1.00112
1.00126
1.00134
1.00137
1.00134
1.00128
1.00119
1.00112
1.00108
1.00108
0.999261
0.999767
1.00016
1.00043
1.0006
1.00067
1.0007
1.00069
1.00066
1.00064
1.00064
1.00067
1.00074
1.00084
1.00097
1.00111
1.00124
1.00134
1.00139
1.00139
1.00136
1.0013
1.00126
1.00122
1.00122
0.999679
0.999976
1.00021
1.00037
1.00049
1.00056
1.00059
1.0006
1.0006
1.0006
1.00062
1.00066
1.00074
1.00084
1.00096
1.00109
1.00121
1.00131
1.00138
1.00141
1.0014
1.00138
1.00136
1.00134
1.00134
0.999734
0.999939
1.00012
1.00027
1.00039
1.00047
1.00052
1.00055
1.00056
1.00058
1.00061
1.00066
1.00073
1.00083
1.00095
1.00107
1.00118
1.00128
1.00136
1.0014
1.00142
1.00141
1.00142
1.00141
1.00143
0.999677
0.999869
1.00005
1.00021
1.00033
1.00042
1.00048
1.00051
1.00054
1.00056
1.0006
1.00065
1.00073
1.00082
1.00093
1.00104
1.00115
1.00125
1.00133
1.00138
1.00141
1.00142
1.00145
1.00145
1.00147
0.999657
0.999849
1.00003
1.00019
1.00031
1.0004
1.00046
1.0005
1.00052
1.00055
1.00059
1.00065
1.00073
1.00082
1.00092
1.00103
1.00113
1.00123
1.00131
1.00137
1.0014
1.00142
1.00145
1.00146
1.00149
1.00151
1.00156
1.00055
1.00051
1.00049
1.00046
1.00031
1.00015
0.999993
0.999783
0.999453
0.999018
0.998605
0.998319
0.998116
0.99789
0.99763
0.997449
0.997416
0.997579
0.997541
0.997235
0.997483
0.99821
0.998489
1.00042
1.00039
1.00053
1.00033
1.00033
1.00038
1.00026
1.00014
1
0.999784
0.999437
0.998999
0.998596
0.998326
0.998152
0.997956
0.997678
0.997427
0.997365
0.997635
0.997809
0.997556
0.99744
0.997916
0.999285
1.00034
1.00122
1.0016
1.0004
1.00028
1.00032
1.00023
1.00013
0.999999
0.999769
0.999413
0.998984
0.998601
0.99834
0.998178
0.998017
0.99778
0.997518
0.997421
0.997618
0.997879
0.997976
0.998093
0.998175
0.998101
1.00108
1.00247
1.00218
1.00055
1.00026
1.00027
1.00021
1.00012
0.999992
0.999747
0.999381
0.998967
0.998606
0.998355
0.998199
0.998057
0.997852
0.9976
0.997455
0.997562
0.997803
0.997983
0.99816
0.998321
0.99857
1.00181
1.00312
1.00228
1.00073
1.00027
1.00025
1.00019
1.00012
0.999975
0.999712
0.999345
0.998953
0.998619
0.99838
0.998224
0.998098
0.997937
0.997716
0.997536
0.997523
0.997756
0.998079
0.998398
0.998568
0.998633
1.00148
1.00314
1.00223
1.00073
1.00029
1.00024
1.00019
1.00011
0.999946
0.999667
0.999304
0.99894
0.998638
0.998412
0.998252
0.998133
0.998008
0.997833
0.997648
0.997574
0.997698
0.998015
0.998363
0.998631
0.998812
1.00103
1.00282
1.00178
1.00055
1.0003
1.00023
1.00017
1.00008
0.999904
0.999614
0.999263
0.998931
0.998661
0.99845
0.998285
0.998166
0.998067
0.997935
0.997766
0.997657
0.99771
0.997997
0.998368
0.998675
0.998883
1.00124
1.00222
1.00097
1.00029
1.00027
1.00021
1.00015
1.00005
0.99985
0.999556
0.999224
0.998927
0.998689
0.998491
0.998323
0.998202
0.998123
0.998035
0.997894
0.997756
0.997757
0.997974
0.99832
0.998641
0.998887
1.00144
1.0011
1.00012
1.0001
1.0002
1.00017
1.00012
0.999997
0.999786
0.999496
0.99919
0.998929
0.99872
0.998535
0.998366
0.99824
0.998173
0.998117
0.998013
0.997876
0.99783
0.997985
0.998298
0.998624
0.99888
1.00065
0.999941
0.999731
0.999981
1.00008
1.00011
1.00007
0.999932
0.999716
0.999439
0.999164
0.998938
0.998754
0.99858
0.99841
0.998282
0.998222
0.998194
0.998124
0.998
0.997924
0.998017
0.998289
0.998612
0.998883
0.999773
0.999598
0.999777
0.99988
0.999927
1.00003
1
0.999858
0.999646
0.999389
0.999147
0.998952
0.998791
0.998626
0.998456
0.998326
0.99827
0.998262
0.998225
0.998122
0.998028
0.998073
0.9983
0.998612
0.998897
0.999763
1.00012
1.0004
0.999886
0.999843
0.999942
0.999935
0.999784
0.999581
0.999349
0.99914
0.998973
0.998828
0.99867
0.998503
0.998372
0.99832
0.998327
0.998316
0.998236
0.998137
0.998143
0.998322
0.998618
0.998917
1.00098
1.0017
1.00156
1.00031
0.999851
0.999862
0.999869
0.999716
0.999525
0.999321
0.999141
0.998998
0.998865
0.998713
0.998548
0.99842
0.998371
0.998388
0.998398
0.998343
0.998248
0.998224
0.998357
0.998627
0.998936
1.00241
1.00273
1.00216
1.00082
0.999929
0.999822
0.999811
0.999661
0.999482
0.999304
0.999151
0.999027
0.998903
0.998755
0.998594
0.998468
0.998422
0.998447
0.998475
0.998442
0.998357
0.998311
0.998402
0.998641
0.998945
1.00244
1.00281
1.00188
1.0011
1.00009
0.999814
0.999768
0.999621
0.999453
0.999299
0.999167
0.999057
0.99894
0.998795
0.998638
0.998517
0.998475
0.998505
0.998546
0.998532
0.99846
0.998402
0.998456
0.998657
0.998947
1.00113
1.00189
1.0016
1.00129
1.00023
0.999825
0.999737
0.999593
0.999437
0.999302
0.999188
0.999088
0.998975
0.998833
0.998682
0.998566
0.998528
0.998562
0.998612
0.998615
0.998557
0.998494
0.998519
0.998681
0.998946
0.99983
1.00084
1.00131
1.00115
1.00022
0.999849
0.999715
0.999575
0.999431
0.999313
0.999213
0.999119
0.999007
0.998869
0.998723
0.998615
0.998581
0.998618
0.998675
0.998691
0.998646
0.998584
0.998587
0.998712
0.998946
0.999653
1.00072
1.00126
1.00081
1.00011
0.999856
0.999698
0.999564
0.999433
0.999329
0.999238
0.999148
0.999038
0.998902
0.998763
0.998663
0.998633
0.998672
0.998734
0.998762
0.99873
0.998671
0.998657
0.99875
0.998952
1.00063
1.00126
1.00128
1.00043
0.99999
0.999836
0.999683
0.999557
0.999441
0.999348
0.999264
0.999175
0.999066
0.998934
0.998802
0.998709
0.998685
0.998725
0.99879
0.998827
0.998808
0.998754
0.998729
0.998793
0.998963
1.0019
1.00153
1.00095
1.0001
0.999907
0.999801
0.999668
0.999554
0.999451
0.999367
0.999287
0.999199
0.999091
0.998963
0.998839
0.998755
0.998735
0.998776
0.998843
0.998887
0.998879
0.998833
0.9988
0.998842
0.998981
1.00214
1.00115
1.00034
0.999862
0.999858
0.999763
0.999652
0.999552
0.999462
0.999386
0.999309
0.999221
0.999113
0.99899
0.998875
0.998798
0.998783
0.998826
0.998893
0.998942
0.998944
0.998906
0.99887
0.998893
0.999004
1.00122
1.00038
0.9998
0.999754
0.99982
0.999727
0.999636
0.99955
0.999473
0.999403
0.999328
0.99924
0.999133
0.999015
0.998908
0.99884
0.998829
0.998873
0.998941
0.998993
0.999003
0.998973
0.998938
0.998947
0.999034
0.999839
0.999434
0.999475
0.999703
0.99976
0.999687
0.999619
0.999547
0.999482
0.999417
0.999344
0.999256
0.999151
0.999039
0.998941
0.99888
0.998874
0.998918
0.998985
0.99904
0.999057
0.999035
0.999002
0.999001
0.999067
0.998794
0.99881
0.999274
0.99959
0.999644
0.999629
0.999598
0.999542
0.999488
0.999429
0.999357
0.99927
0.999168
0.999062
0.998972
0.998919
0.998916
0.99896
0.999026
0.999083
0.999105
0.999092
0.999063
0.999056
0.999105
0.99852
0.998737
0.999235
0.99943
0.99948
0.999532
0.999567
0.999537
0.999492
0.999439
0.999368
0.999282
0.999183
0.999084
0.999002
0.998956
0.998957
0.999
0.999064
0.999121
0.999149
0.999143
0.999119
0.999109
0.999144
0.998922
0.999541
0.999737
0.999439
0.999362
0.999413
0.999524
0.999535
0.999495
0.999447
0.999377
0.999292
0.999197
0.999105
0.99903
0.998991
0.998994
0.999037
0.999099
0.999156
0.999189
0.99919
0.999171
0.99916
0.999185
1.00074
1.00132
1.0011
1.00027
0.999439
0.999357
0.999479
0.999535
0.999501
0.999455
0.999386
0.999302
0.999211
0.999124
0.999057
0.999023
0.99903
0.999071
0.999131
0.999188
0.999223
0.999231
0.999218
0.999207
0.999226
1.00282
1.00312
1.0027
1.00167
1.00013
0.999399
0.999447
0.999542
0.999512
0.999462
0.999394
0.999311
0.999224
0.999143
0.999083
0.999054
0.999062
0.999103
0.999161
0.999216
0.999254
0.999266
0.99926
0.999251
0.999265
1.00362
1.00373
1.00336
1.00232
1.00087
0.999602
0.999443
0.999557
0.999531
0.999471
0.999402
0.999319
0.999236
0.999161
0.999107
0.999082
0.999092
0.999132
0.999187
0.999242
0.999281
0.999297
0.999296
0.999291
0.999303
1.0032
1.00339
1.00291
1.00237
1.00153
1.00001
0.999497
0.999581
0.999557
0.999483
0.999411
0.999328
0.999247
0.999178
0.999129
0.999109
0.99912
0.999158
0.999211
0.999264
0.999304
0.999324
0.999328
0.999327
0.999338
1.00171
1.00208
1.00185
1.00185
1.00185
1.00043
0.999612
0.999612
0.999585
0.999497
0.999419
0.999336
0.999258
0.999193
0.99915
0.999133
0.999145
0.999181
0.999232
0.999283
0.999323
0.999347
0.999356
0.999358
0.999369
1.00009
1.0006
1.00082
1.0012
1.00182
1.00065
0.999746
0.999653
0.999613
0.999512
0.999428
0.999343
0.999267
0.999207
0.999168
0.999154
0.999167
0.999202
0.99925
0.999299
0.99934
0.999366
0.999379
0.999386
0.999398
0.998922
0.999479
1.00006
1.00081
1.00169
1.00071
0.999852
0.999698
0.999636
0.999526
0.999435
0.99935
0.999276
0.999219
0.999184
0.999173
0.999187
0.99922
0.999266
0.999313
0.999354
0.999382
0.999398
0.999408
0.999422
0.998355
0.998855
0.999723
1.00075
1.0016
1.00068
0.999916
0.999738
0.999654
0.999537
0.99944
0.999355
0.999282
0.999229
0.999198
0.999189
0.999203
0.999235
0.999278
0.999324
0.999364
0.999394
0.999413
0.999427
0.999443
0.998298
0.998882
0.999914
1.00101
1.00154
1.00059
0.99994
0.999766
0.999665
0.999542
0.999443
0.999357
0.999287
0.999237
0.999209
0.999201
0.999216
0.999247
0.999288
0.999332
0.999372
0.999403
0.999425
0.999442
0.99946
0.998815
0.999577
1.00057
1.00142
1.00148
1.00046
0.999935
0.999778
0.999667
0.999542
0.999441
0.999356
0.999288
0.999241
0.999216
0.99921
0.999225
0.999255
0.999295
0.999337
0.999376
0.999409
0.999433
0.999454
0.999474
1.00008
1.00077
1.00145
1.00171
1.00126
1.0003
0.99991
0.999776
0.999658
0.999534
0.999434
0.999351
0.999287
0.999242
0.99922
0.999216
0.999231
0.99926
0.999298
0.999339
0.999378
0.999412
0.999438
0.999461
0.999485
1.00177
1.00206
1.0021
1.0017
1.00088
1.00013
0.999873
0.999759
0.999639
0.99952
0.999422
0.999342
0.999281
0.99924
0.99922
0.999218
0.999234
0.999262
0.999299
0.999339
0.999377
0.999411
0.99944
0.999466
0.999492
1.00313
1.0028
1.00223
1.00134
1.00046
0.999984
0.999826
0.999728
0.99961
0.999498
0.999404
0.999328
0.999272
0.999234
0.999216
0.999216
0.999232
0.99926
0.999296
0.999335
0.999373
0.999408
0.999439
0.999468
0.999496
1.00349
1.00267
1.00175
1.00074
1.00008
0.999861
0.999771
0.999683
0.999572
0.999468
0.99938
0.999309
0.999257
0.999224
0.999209
0.99921
0.999227
0.999254
0.999289
0.999328
0.999366
0.999402
0.999435
0.999466
0.999497
1.00279
1.00187
1.00091
1.00012
0.9998
0.999757
0.999705
0.999626
0.999525
0.999431
0.99935
0.999286
0.999239
0.999209
0.999197
0.9992
0.999217
0.999245
0.999279
0.999317
0.999356
0.999393
0.999428
0.999462
0.999496
1.00153
1.00074
1.00001
0.999636
0.999616
0.999658
0.999626
0.999557
0.999469
0.999386
0.999314
0.999256
0.999215
0.99919
0.999181
0.999186
0.999204
0.999232
0.999266
0.999304
0.999343
0.999382
0.999418
0.999454
0.999491
1.00019
0.999643
0.999322
0.999338
0.999485
0.999553
0.999535
0.999478
0.999405
0.999334
0.999272
0.999222
0.999187
0.999167
0.999161
0.999168
0.999187
0.999215
0.999249
0.999288
0.999327
0.999367
0.999406
0.999445
0.999484
0.999085
0.998857
0.998915
0.999165
0.999362
0.999436
0.999432
0.999389
0.999332
0.999275
0.999223
0.999182
0.999154
0.999139
0.999136
0.999146
0.999166
0.999194
0.999229
0.999268
0.999309
0.99935
0.999391
0.999432
0.999475
0.998362
0.998423
0.998709
0.999026
0.999222
0.999304
0.999316
0.999291
0.999251
0.999208
0.999169
0.999137
0.999116
0.999106
0.999108
0.99912
0.999141
0.999171
0.999206
0.999245
0.999287
0.99933
0.999373
0.999417
0.999463
0.998064
0.998226
0.998562
0.998858
0.999053
0.999153
0.999187
0.999183
0.999161
0.999134
0.999108
0.999087
0.999073
0.999069
0.999075
0.99909
0.999113
0.999143
0.99918
0.99922
0.999263
0.999307
0.999353
0.9994
0.999448
0.998011
0.998138
0.9984
0.998647
0.998849
0.998979
0.999044
0.999065
0.999064
0.999054
0.999042
0.999032
0.999027
0.999028
0.999038
0.999056
0.999081
0.999113
0.99915
0.999192
0.999236
0.999282
0.99933
0.99938
0.999431
0.998149
0.99812
0.998257
0.99842
0.998611
0.998776
0.998883
0.998937
0.998959
0.998968
0.998972
0.998973
0.998976
0.998984
0.998998
0.999018
0.999046
0.999079
0.999118
0.999161
0.999206
0.999255
0.999305
0.999358
0.999413
0.99857
0.998292
0.998212
0.998248
0.998368
0.998547
0.998702
0.998799
0.998851
0.99888
0.998898
0.998912
0.998923
0.998937
0.998955
0.998979
0.999008
0.999042
0.999082
0.999127
0.999174
0.999225
0.999278
0.999333
0.999391
0.999252
0.998729
0.99837
0.998187
0.998157
0.998285
0.998476
0.998631
0.998725
0.998779
0.998815
0.998843
0.998864
0.998885
0.998908
0.998934
0.998966
0.999002
0.999043
0.999088
0.999138
0.999191
0.999246
0.999305
0.999366
1.00009
0.99939
0.998789
0.998325
0.998084
0.998074
0.998242
0.998447
0.998594
0.998679
0.998731
0.998772
0.998804
0.998831
0.998859
0.998889
0.998923
0.998961
0.999004
0.999051
0.999102
0.999157
0.999215
0.999277
0.999341
1.00109
1.00023
0.999454
0.998739
0.998183
0.997985
0.998033
0.998241
0.998446
0.998572
0.998643
0.998697
0.998738
0.998772
0.998805
0.998838
0.998874
0.998914
0.998959
0.999008
0.999061
0.999119
0.99918
0.999245
0.999314
1.00196
1.0011
1.00023
0.999378
0.998563
0.99802
0.997931
0.998051
0.998289
0.998468
0.998558
0.998622
0.998673
0.998713
0.998749
0.998785
0.998823
0.998865
0.998911
0.998962
0.999017
0.999077
0.999141
0.99921
0.999282
1.0026
1.00179
1.00096
1.0001
0.999201
0.99831
0.997921
0.997928
0.99813
0.998361
0.998477
0.99855
0.998608
0.998653
0.998693
0.998731
0.998771
0.998814
0.998862
0.998914
0.998971
0.999033
0.9991
0.999172
0.999247
1.00302
1.00235
1.00159
1.00079
0.999888
0.99887
0.998066
0.997892
0.997996
0.998251
0.9984
0.99848
0.998544
0.998593
0.998634
0.998674
0.998715
0.99876
0.998809
0.998863
0.998922
0.998987
0.999057
0.999131
0.999211
1.00321
1.00277
1.00215
1.00141
1.00056
0.999594
0.998469
0.997942
0.997928
0.998145
0.998327
0.998415
0.99848
0.998532
0.998575
0.998616
0.998658
0.998703
0.998753
0.998809
0.99887
0.998937
0.99901
0.999088
0.999171
1.00318
1.00305
1.00267
1.00202
1.00119
1.00025
0.999055
0.998122
0.997917
0.998059
0.998255
0.998355
0.998419
0.998471
0.998514
0.998555
0.998597
0.998644
0.998695
0.998752
0.998815
0.998885
0.99896
0.999042
0.999129
1.0028
1.00312
1.00311
1.00265
1.00184
1.0009
0.9997
0.998488
0.997984
0.998011
0.998188
0.998299
0.998361
0.998411
0.998453
0.998493
0.998535
0.998581
0.998633
0.998692
0.998757
0.998829
0.998908
0.998993
0.999084
1.00223
1.00293
1.00335
1.00325
1.00253
1.00155
1.00039
0.998977
0.998134
0.998005
0.998132
0.998246
0.998306
0.998351
0.99839
0.998428
0.998469
0.998515
0.998568
0.998628
0.998695
0.99877
0.998852
0.99894
0.999036
1.00163
1.00255
1.00338
1.00372
1.00324
1.00223
1.00106
0.999621
0.998416
0.998055
0.998096
0.998195
0.998254
0.998291
0.998326
0.998361
0.9984
0.998446
0.998499
0.99856
0.99863
0.998707
0.998792
0.998885
0.998984
1.00107
1.00211
1.00322
1.00398
1.00387
1.00292
1.00171
1.00029
0.998825
0.99815
0.998087
0.998149
0.998202
0.998232
0.99826
0.998291
0.998329
0.998373
0.998427
0.998489
0.99856
0.99864
0.998729
0.998825
0.998929
1.00057
1.00169
1.00297
1.00407
1.00438
1.0036
1.00235
1.00094
0.999347
0.998313
0.998104
0.998109
0.998148
0.998172
0.998192
0.998219
0.998253
0.998297
0.99835
0.998414
0.998487
0.998569
0.998661
0.998762
0.99887
1.00008
1.00132
1.0027
1.00402
1.00473
1.00419
1.00295
1.00155
0.999912
0.998583
0.998143
0.99808
0.998093
0.998109
0.998121
0.998142
0.998174
0.998216
0.998269
0.998334
0.998409
0.998494
0.998589
0.998694
0.998808
0.999629
1.00098
1.00246
1.00391
1.00489
1.00468
1.0035
1.0021
1.00048
0.998929
0.99821
0.998063
0.998036
0.998042
0.998046
0.998061
0.998089
0.99813
0.998183
0.998249
0.998326
0.998414
0.998513
0.998622
0.998741
0.999308
1.00067
1.00223
1.00377
1.00495
1.00504
1.004
1.0026
1.00101
0.999333
0.998324
0.998044
0.997978
0.997968
0.997966
0.997975
0.997999
0.998039
0.998092
0.998159
0.998238
0.99833
0.998433
0.998546
0.998669
0.999172
1.00044
1.00202
1.0036
1.00492
1.00527
1.00441
1.00305
1.00149
0.999762
0.998499
0.998038
0.997918
0.997887
0.997879
0.997883
0.997904
0.997942
0.997995
0.998063
0.998145
0.99824
0.998347
0.998465
0.998593
0.999145
1.00028
1.00183
1.00343
1.00481
1.00537
1.00472
1.00343
1.00192
1.00018
0.998726
0.99805
0.997856
0.997799
0.997783
0.997783
0.997801
0.997838
0.997892
0.997962
0.998047
0.998145
0.998255
0.998378
0.998512
0.99918
1.00018
1.00166
1.00324
1.00465
1.00537
1.00492
1.00374
1.00229
1.00058
0.99899
0.998089
0.997794
0.997703
0.997677
0.997675
0.997691
0.997727
0.997783
0.997854
0.997942
0.998043
0.998158
0.998286
0.998426
0.999199
1.0001
1.0015
1.00304
1.00445
1.00529
1.00501
1.00397
1.0026
1.00094
0.999278
0.998168
0.997732
0.997599
0.99756
0.997556
0.997572
0.997609
0.997666
0.99774
0.99783
0.997936
0.998055
0.998189
0.998334
0.999181
1.00003
1.00134
1.00283
1.00422
1.00512
1.00502
1.00412
1.00286
1.00128
0.999584
0.998294
0.997682
0.997488
0.997432
0.997427
0.997444
0.997482
0.997541
0.997618
0.997712
0.997822
0.997946
0.998084
0.998236
0.999117
0.999937
1.00118
1.00261
1.00396
1.00489
1.00495
1.00419
1.00305
1.00158
0.999894
0.998466
0.997663
0.997376
0.997295
0.997285
0.997306
0.997347
0.997408
0.997489
0.997586
0.9977
0.99783
0.997974
0.998132
0.999024
0.999835
1.00102
1.00238
1.00368
1.00462
1.00477
1.00418
1.00318
1.00182
1.0002
0.998675
0.997688
0.997275
0.997149
0.997132
0.997156
0.997201
0.997266
0.997351
0.997453
0.997572
0.997706
0.997856
0.99802
0.998926
0.999731
1.00086
1.00215
1.00339
1.00431
1.00454
1.0041
1.00324
1.00202
1.00048
0.998921
0.997768
0.997191
0.997002
0.996968
0.996994
0.997045
0.997115
0.997204
0.997311
0.997435
0.997575
0.997731
0.997901
0.998842
0.999639
1.00071
1.00192
1.00308
1.00397
1.00426
1.00395
1.00324
1.00217
1.00075
0.999194
0.997905
0.997153
0.996865
0.996799
0.996821
0.996878
0.996955
0.997049
0.997161
0.99729
0.997435
0.997597
0.997774
0.998787
0.99957
1.00058
1.0017
1.00279
1.00362
1.00395
1.00376
1.00318
1.00226
1.00098
0.999486
0.998105
0.997176
0.996754
0.99663
0.996639
0.9967
0.996784
0.996884
0.997002
0.997136
0.997287
0.997455
0.997639
0.99877
0.999535
1.00047
1.0015
1.0025
1.00327
1.00361
1.00352
1.00307
1.0023
1.00118
0.999785
0.998366
0.997276
0.996682
0.996476
0.996452
0.996511
0.996601
0.996709
0.996833
0.996973
0.99713
0.997303
0.997494
0.99881
0.999521
1.00039
1.00133
1.00222
1.00293
1.00328
1.00325
1.00292
1.00229
1.00134
1.00008
0.998677
0.997462
0.996685
0.996358
0.996273
0.996315
0.996409
0.996523
0.996653
0.996799
0.996962
0.997142
0.997339
0.998889
0.999545
1.00034
1.00118
1.00198
1.00261
1.00295
1.00297
1.00274
1.00224
1.00145
1.00035
0.999023
0.997737
0.996786
0.996282
0.996117
0.996121
0.996207
0.996327
0.996464
0.996615
0.996784
0.996969
0.997173
0.999005
0.999603
1.00032
1.00106
1.00176
1.00231
1.00263
1.00269
1.00253
1.00215
1.00151
1.00058
0.999383
0.998091
0.996995
0.9963
0.99601
0.995942
0.996004
0.996121
0.996263
0.99642
0.996594
0.996785
0.996995
0.999151
0.999687
1.00032
1.00096
1.00157
1.00205
1.00234
1.00242
1.00232
1.00203
1.00152
1.00077
0.999732
0.998502
0.997318
0.996441
0.995962
0.9958
0.995809
0.995909
0.996051
0.996213
0.996391
0.996588
0.996803
0.999316
0.99979
1.00034
1.0009
1.00141
1.00182
1.00208
1.00217
1.0021
1.00188
1.0015
1.0009
1.00005
0.998941
0.997742
0.996713
0.996033
0.995726
0.995647
0.995703
0.995833
0.995994
0.996176
0.996377
0.996598
0.999492
0.999905
1.00037
1.00085
1.00129
1.00164
1.00186
1.00195
1.0019
1.00173
1.00143
1.00098
1.00031
0.999371
0.998238
0.99712
0.996254
0.995742
0.995551
0.995523
0.995616
0.995767
0.995948
0.996152
0.996377
0.999671
1.00003
1.00043
1.00083
1.0012
1.00149
1.00168
1.00175
1.00172
1.00158
1.00135
1.001
1.0005
0.999756
0.998761
0.997641
0.996631
0.995916
0.995531
0.9954
0.995421
0.99554
0.99571
0.995912
0.996139
0.999846
1.00015
1.00049
1.00083
1.00113
1.00138
1.00154
1.0016
1.00156
1.00145
1.00126
1.00099
1.00062
1.00007
0.999261
0.998231
0.997156
0.996258
0.995659
0.995366
0.995281
0.995331
0.995469
0.99566
0.995884
1.00001
1.00027
1.00056
1.00084
1.00109
1.00129
1.00143
1.00147
1.00144
1.00134
1.00117
1.00096
1.00068
1.0003
0.999693
0.998829
0.99779
0.996776
0.995977
0.99547
0.995236
0.995179
0.995248
0.995405
0.995617
1.00016
1.00039
1.00063
1.00087
1.00108
1.00124
1.00135
1.00139
1.00135
1.00125
1.0011
1.00091
1.0007
1.00044
1.00002
0.999371
0.998467
0.997442
0.996493
0.995773
0.995327
0.995128
0.995087
0.99517
0.995348
1.0003
1.00049
1.0007
1.0009
1.00108
1.00122
1.0013
1.00133
1.00129
1.0012
1.00106
1.00088
1.0007
1.00051
1.00025
0.999805
0.999106
0.998183
0.997185
0.996294
0.99563
0.995223
0.99504
0.995006
0.995102
1.00043
1.00059
1.00077
1.00094
1.00109
1.00121
1.00128
1.0013
1.00126
1.00117
1.00104
1.00087
1.00069
1.00054
1.00037
1.0001
0.999632
0.998901
0.997978
0.997015
0.99617
0.995544
0.995153
0.994975
0.994942
1.00054
1.00069
1.00084
1.00099
1.00112
1.00122
1.00128
1.00129
1.00125
1.00116
1.00104
1.00088
1.0007
1.00055
1.00042
1.00028
1
0.999505
0.998762
0.997856
0.996929
0.996119
0.995513
0.995123
0.99494
1.00065
1.00078
1.00091
1.00105
1.00116
1.00124
1.00129
1.00129
1.00125
1.00117
1.00106
1.0009
1.00073
1.00057
1.00045
1.00035
1.00021
0.999932
0.999424
0.998691
0.997817
0.996928
0.996147
0.995549
0.995148
1.00076
1.00087
1.00099
1.00111
1.00121
1.00128
1.00131
1.00131
1.00127
1.0012
1.00109
1.00095
1.00078
1.00061
1.00047
1.00038
1.0003
1.00017
0.999885
0.999388
0.998688
0.997861
0.997022
0.996271
0.995679
1.00087
1.00096
1.00107
1.00117
1.00126
1.00132
1.00135
1.00134
1.0013
1.00123
1.00113
1.00099
1.00084
1.00067
1.00051
1.00039
1.00032
1.00026
1.00013
0.999857
0.999395
0.998751
0.997993
0.997214
0.996504
1.00099
1.00107
1.00116
1.00125
1.00132
1.00137
1.00139
1.00137
1.00133
1.00126
1.00116
1.00104
1.0009
1.00073
1.00056
1.00042
1.00032
1.00026
1.0002
1.00008
0.999837
0.99943
0.998869
0.998204
0.99751
1.00112
1.00118
1.00126
1.00133
1.00139
1.00142
1.00143
1.00141
1.00136
1.00129
1.0012
1.00109
1.00096
1.0008
1.00063
1.00047
1.00033
1.00024
1.00018
1.00012
1.00001
0.999807
0.999476
0.99902
0.998477
1.00125
1.0013
1.00136
1.00141
1.00145
1.00147
1.00147
1.00144
1.00139
1.00132
1.00123
1.00113
1.001
1.00086
1.0007
1.00052
1.00037
1.00024
1.00014
1.00007
1.00001
0.999913
0.999752
0.999506
0.999173
1.00137
1.0014
1.00145
1.00149
1.00151
1.00152
1.00151
1.00147
1.00141
1.00134
1.00125
1.00116
1.00104
1.00091
1.00075
1.00058
1.00041
1.00026
1.00013
1.00002
0.999942
0.999867
0.999779
0.999658
0.999494
1.00145
1.00149
1.00152
1.00155
1.00156
1.00156
1.00153
1.00149
1.00143
1.00135
1.00127
1.00117
1.00106
1.00094
1.00079
1.00063
1.00046
1.0003
1.00014
1
0.99989
0.999793
0.999706
0.999621
0.999531
1.0015
1.00154
1.00157
1.00159
1.0016
1.00158
1.00155
1.0015
1.00144
1.00136
1.00128
1.00118
1.00108
1.00096
1.00082
1.00066
1.0005
1.00033
1.00017
1.00001
0.999876
0.999756
0.99965
0.999556
0.999475
1.00152
1.00156
1.00159
1.00161
1.00161
1.0016
1.00156
1.00151
1.00145
1.00137
1.00128
1.00119
1.00108
1.00096
1.00083
1.00068
1.00052
1.00035
1.00018
1.00003
0.999882
0.999752
0.999636
0.999535
0.999448
0.996838
0.997699
0.998354
0.998783
0.999216
0.999516
0.999726
0.999889
1.00001
1.00007
1.00012
1.00016
1.00018
1.0002
1.00021
1.00023
1.00026
1.00028
1.00031
1.00031
1.00038
1.00036
1.00049
1.00041
1.00062
0.99968
0.999671
0.99987
0.999968
1.00004
1.00004
1.00002
0.999996
0.999987
0.999988
0.999987
0.99995
0.99993
0.999918
0.999911
0.999911
0.999914
0.999951
0.999973
1.00006
1.00004
1.00017
1.0002
1.0003
1.00033
0.997916
0.99864
0.999215
0.999694
1.00003
1.00024
1.00035
1.00039
1.00038
1.00035
1.00032
1.00026
1.00018
1.00012
1.00007
1.00003
0.999994
0.999975
0.999974
0.999995
0.99999
0.999987
0.999984
1.00005
0.999997
0.998564
0.998494
0.998816
0.999219
0.999637
0.999996
1.00027
1.00043
1.00056
1.00062
1.00065
1.00068
1.00063
1.00055
1.00049
1.00043
1.00037
1.0003
1.00024
1.0002
1.00016
1.00011
1.00009
1.00005
1.00006
0.998604
0.998692
0.998819
0.99901
0.999308
0.999619
0.999911
1.00018
1.00039
1.00055
1.00063
1.00068
1.00071
1.00071
1.00069
1.00065
1.00062
1.00058
1.00051
1.00042
1.00038
1.00032
1.00023
1.00019
1.00016
0.998904
0.998932
0.998994
0.999085
0.999229
0.999405
0.999603
0.999825
1.00005
1.00025
1.00042
1.00054
1.00062
1.00066
1.00066
1.00065
1.00064
1.00062
1.00058
1.00053
1.00048
1.00042
1.00032
1.00032
1.00023
0.999026
0.999153
0.999244
0.999312
0.999373
0.999442
0.99953
0.999652
0.999808
0.999982
1.00015
1.00031
1.00043
1.00052
1.00056
1.00057
1.00057
1.00057
1.00055
1.00052
1.00049
1.00044
1.00036
1.00034
1.00025
0.999077
0.999256
0.99942
0.999543
0.999615
0.999644
0.99966
0.999693
0.999765
0.99987
0.999994
1.00012
1.00025
1.00035
1.00041
1.00045
1.00047
1.00048
1.00047
1.00046
1.00044
1.00041
1.00036
1.00033
1.00026
0.999079
0.999278
0.999487
0.999677
0.999811
0.999874
0.999886
0.999878
0.999881
0.999911
0.999972
1.00005
1.00014
1.00022
1.00029
1.00033
1.00036
1.00038
1.00039
1.00039
1.00039
1.00037
1.00035
1.00032
1.00026
0.999082
0.999272
0.999486
0.999708
0.999897
1.00002
1.00009
1.0001
1.00008
1.00007
1.00006
1.00009
1.00013
1.00017
1.00022
1.00026
1.00028
1.0003
1.00032
1.00033
1.00033
1.00032
1.00033
1.00031
1.00025
0.999105
0.999277
0.999467
0.999681
0.99989
1.00007
1.00019
1.00026
1.00028
1.00027
1.00024
1.00021
1.0002
1.0002
1.00022
1.00024
1.00026
1.00027
1.00028
1.00029
1.00029
1.0003
1.00031
1.00029
1.00024
0.999145
0.999311
0.999467
0.999646
0.999844
1.00004
1.00021
1.00033
1.00041
1.00044
1.00042
1.00038
1.00034
1.00031
1.0003
1.00029
1.00029
1.00029
1.00029
1.00029
1.00029
1.00028
1.0003
1.00027
1.00024
0.999189
0.999363
0.999496
0.999635
0.9998
0.999982
1.00017
1.00033
1.00046
1.00053
1.00056
1.00054
1.0005
1.00045
1.00042
1.00039
1.00037
1.00034
1.00033
1.00031
1.0003
1.00029
1.00029
1.00026
1.00023
0.999221
0.999417
0.999548
0.999658
0.999783
0.999937
1.00011
1.00028
1.00044
1.00055
1.00063
1.00065
1.00063
1.00059
1.00055
1.00051
1.00047
1.00043
1.00039
1.00036
1.00034
1.00032
1.00029
1.00025
1.00022
0.999236
0.999459
0.999604
0.999703
0.999799
0.999918
1.00006
1.00023
1.00039
1.00052
1.00063
1.00069
1.00072
1.0007
1.00066
1.00062
1.00057
1.00052
1.00047
1.00043
1.00039
1.00035
1.00031
1.00025
1.00022
0.999238
0.999483
0.99965
0.999756
0.999838
0.999928
1.00004
1.00018
1.00033
1.00047
1.00059
1.00067
1.00072
1.00074
1.00073
1.00069
1.00065
1.0006
1.00055
1.00049
1.00044
1.00039
1.00033
1.00026
1.00022
0.999229
0.999488
0.99968
0.999804
0.999887
0.99996
1.00005
1.00016
1.00029
1.00042
1.00054
1.00063
1.0007
1.00073
1.00074
1.00073
1.0007
1.00065
1.0006
1.00054
1.00049
1.00042
1.00035
1.00028
1.00022
0.999217
0.99948
0.999693
0.999839
0.999934
1
1.00008
1.00016
1.00026
1.00038
1.00049
1.00058
1.00065
1.0007
1.00072
1.00072
1.00071
1.00068
1.00063
1.00058
1.00052
1.00045
1.00038
1.0003
1.00023
0.999205
0.999464
0.99969
0.999859
0.999972
1.00005
1.00011
1.00018
1.00026
1.00035
1.00045
1.00053
1.0006
1.00066
1.00069
1.0007
1.00069
1.00067
1.00064
1.00059
1.00054
1.00047
1.0004
1.00032
1.00024
0.999196
0.999445
0.999677
0.999864
0.999997
1.00009
1.00015
1.00021
1.00028
1.00035
1.00042
1.0005
1.00056
1.00061
1.00064
1.00066
1.00066
1.00065
1.00063
1.00059
1.00054
1.00048
1.00041
1.00033
1.00025
0.999193
0.999426
0.999658
0.999856
1.00001
1.00012
1.00019
1.00025
1.0003
1.00036
1.00041
1.00047
1.00053
1.00057
1.0006
1.00062
1.00063
1.00062
1.0006
1.00057
1.00053
1.00047
1.00041
1.00034
1.00025
0.999196
0.999409
0.999635
0.99984
1.00001
1.00013
1.00022
1.00028
1.00033
1.00038
1.00042
1.00046
1.0005
1.00054
1.00056
1.00058
1.00059
1.00059
1.00057
1.00054
1.00051
1.00046
1.00041
1.00034
1.00026
0.999205
0.999397
0.999612
0.999819
0.999996
1.00013
1.00024
1.00031
1.00036
1.0004
1.00043
1.00047
1.0005
1.00052
1.00054
1.00055
1.00056
1.00055
1.00054
1.00052
1.00049
1.00045
1.0004
1.00033
1.00026
0.99922
0.999391
0.999591
0.999795
0.999977
1.00013
1.00024
1.00032
1.00038
1.00042
1.00045
1.00048
1.0005
1.00051
1.00052
1.00053
1.00053
1.00053
1.00051
1.00049
1.00046
1.00043
1.00039
1.00033
1.00026
0.99924
0.999389
0.999574
0.99977
0.999954
1.00011
1.00024
1.00033
1.0004
1.00044
1.00047
1.00049
1.00051
1.00051
1.00052
1.00052
1.00052
1.00051
1.00049
1.00047
1.00045
1.00042
1.00037
1.00032
1.00026
0.999263
0.999393
0.999561
0.999746
0.999928
1.00009
1.00023
1.00033
1.0004
1.00046
1.00049
1.00051
1.00052
1.00052
1.00052
1.00052
1.00051
1.00049
1.00048
1.00046
1.00043
1.0004
1.00037
1.00032
1.00027
0.99929
0.999402
0.999553
0.999725
0.999901
1.00006
1.00021
1.00032
1.0004
1.00046
1.0005
1.00052
1.00053
1.00053
1.00053
1.00052
1.00051
1.00049
1.00047
1.00045
1.00043
1.0004
1.00036
1.00032
1.00027
0.999318
0.999414
0.999549
0.999708
0.999875
1.00004
1.00018
1.0003
1.00039
1.00046
1.0005
1.00053
1.00054
1.00055
1.00054
1.00053
1.00051
1.0005
1.00047
1.00045
1.00043
1.0004
1.00036
1.00032
1.00028
0.999347
0.999429
0.999549
0.999694
0.999852
1.00001
1.00015
1.00028
1.00038
1.00045
1.0005
1.00054
1.00055
1.00056
1.00055
1.00054
1.00052
1.0005
1.00048
1.00046
1.00043
1.0004
1.00037
1.00033
1.00029
0.999375
0.999446
0.999552
0.999684
0.999831
0.999982
1.00012
1.00025
1.00036
1.00044
1.0005
1.00054
1.00056
1.00056
1.00056
1.00055
1.00054
1.00051
1.00049
1.00047
1.00044
1.00041
1.00038
1.00034
1.0003
0.999402
0.999465
0.999558
0.999678
0.999814
0.999957
1.0001
1.00022
1.00033
1.00042
1.00048
1.00053
1.00056
1.00057
1.00057
1.00056
1.00055
1.00053
1.0005
1.00048
1.00045
1.00042
1.00039
1.00035
1.00032
0.999427
0.999483
0.999566
0.999675
0.9998
0.999934
1.00007
1.00019
1.0003
1.00039
1.00047
1.00052
1.00055
1.00057
1.00058
1.00057
1.00056
1.00054
1.00052
1.00049
1.00046
1.00044
1.0004
1.00037
1.00033
0.99945
0.999501
0.999576
0.999674
0.999789
0.999914
1.00004
1.00016
1.00028
1.00037
1.00045
1.0005
1.00054
1.00057
1.00058
1.00058
1.00057
1.00055
1.00053
1.00051
1.00048
1.00045
1.00042
1.00039
1.00035
0.999471
0.999517
0.999585
0.999674
0.99978
0.999898
1.00002
1.00014
1.00025
1.00034
1.00042
1.00048
1.00053
1.00056
1.00057
1.00058
1.00057
1.00056
1.00054
1.00052
1.0005
1.00047
1.00044
1.0004
1.00037
0.999488
0.999531
0.999594
0.999676
0.999774
0.999883
0.999999
1.00011
1.00022
1.00032
1.0004
1.00046
1.00051
1.00055
1.00057
1.00058
1.00058
1.00057
1.00056
1.00054
1.00051
1.00049
1.00045
1.00042
1.00038
0.999502
0.999544
0.999602
0.999678
0.999769
0.999872
0.999981
1.00009
1.0002
1.00029
1.00037
1.00044
1.0005
1.00054
1.00056
1.00058
1.00058
1.00058
1.00057
1.00055
1.00053
1.0005
1.00047
1.00044
1.0004
0.999514
0.999554
0.99961
0.99968
0.999766
0.999862
0.999965
1.00007
1.00017
1.00027
1.00035
1.00042
1.00048
1.00052
1.00055
1.00057
1.00058
1.00058
1.00058
1.00056
1.00054
1.00052
1.00049
1.00046
1.00042
0.999523
0.999563
0.999616
0.999683
0.999763
0.999854
0.999952
1.00005
1.00015
1.00024
1.00033
1.0004
1.00046
1.00051
1.00055
1.00057
1.00058
1.00059
1.00059
1.00058
1.00056
1.00054
1.00051
1.00048
1.00044
0.999529
0.999569
0.999621
0.999685
0.999762
0.999848
0.999941
1.00004
1.00013
1.00022
1.00031
1.00038
1.00045
1.0005
1.00054
1.00057
1.00058
1.00059
1.0006
1.00059
1.00057
1.00055
1.00053
1.0005
1.00046
0.999532
0.999574
0.999625
0.999687
0.99976
0.999843
0.999932
1.00003
1.00012
1.00021
1.00029
1.00037
1.00043
1.00049
1.00053
1.00056
1.00059
1.0006
1.0006
1.0006
1.00059
1.00057
1.00055
1.00052
1.00048
0.999533
0.999576
0.999627
0.999688
0.999759
0.999839
0.999925
1.00001
1.0001
1.00019
1.00028
1.00035
1.00042
1.00048
1.00052
1.00056
1.00059
1.00061
1.00061
1.00061
1.00061
1.00059
1.00057
1.00054
1.00051
0.999531
0.999576
0.999628
0.999689
0.999758
0.999835
0.999919
1.00001
1.00009
1.00018
1.00026
1.00034
1.00041
1.00047
1.00052
1.00056
1.00059
1.00061
1.00062
1.00063
1.00062
1.00061
1.00059
1.00056
1.00053
0.999526
0.999573
0.999627
0.999688
0.999757
0.999833
0.999914
0.999999
1.00009
1.00017
1.00025
1.00033
1.0004
1.00046
1.00052
1.00056
1.00059
1.00062
1.00064
1.00064
1.00064
1.00063
1.00061
1.00059
1.00056
0.99952
0.999569
0.999624
0.999686
0.999755
0.99983
0.99991
0.999994
1.00008
1.00016
1.00025
1.00032
1.0004
1.00046
1.00052
1.00056
1.0006
1.00063
1.00065
1.00066
1.00066
1.00065
1.00063
1.00061
1.00059
0.99951
0.999562
0.99962
0.999683
0.999752
0.999827
0.999908
0.999991
1.00008
1.00016
1.00024
1.00032
1.00039
1.00046
1.00052
1.00057
1.00061
1.00064
1.00066
1.00067
1.00068
1.00067
1.00066
1.00064
1.00062
0.999499
0.999554
0.999613
0.999678
0.999749
0.999825
0.999905
0.999988
1.00007
1.00016
1.00024
1.00032
1.00039
1.00046
1.00052
1.00058
1.00062
1.00065
1.00068
1.00069
1.0007
1.0007
1.00069
1.00067
1.00065
0.999486
0.999544
0.999606
0.999673
0.999745
0.999822
0.999903
0.999987
1.00007
1.00016
1.00024
1.00032
1.0004
1.00047
1.00053
1.00058
1.00063
1.00067
1.0007
1.00071
1.00072
1.00072
1.00071
1.0007
1.00068
0.99947
0.999531
0.999597
0.999666
0.999741
0.999819
0.999902
0.999987
1.00007
1.00016
1.00024
1.00033
1.0004
1.00047
1.00054
1.0006
1.00065
1.00069
1.00072
1.00074
1.00075
1.00075
1.00075
1.00074
1.00072
0.999453
0.999517
0.999586
0.999658
0.999735
0.999816
0.9999
0.999987
1.00007
1.00016
1.00025
1.00033
1.00041
1.00048
1.00055
1.00061
1.00066
1.00071
1.00074
1.00076
1.00078
1.00078
1.00078
1.00077
1.00076
0.999431
0.999499
0.99957
0.999646
0.999726
0.99981
0.999896
0.999985
1.00007
1.00016
1.00025
1.00034
1.00042
1.0005
1.00057
1.00063
1.00068
1.00073
1.00076
1.00079
1.00081
1.00082
1.00082
1.00081
1.0008
0.99941
0.999482
0.999558
0.999637
0.99972
0.999806
0.999895
0.999987
1.00008
1.00017
1.00026
1.00035
1.00043
1.00051
1.00058
1.00065
1.0007
1.00075
1.00079
1.00082
1.00084
1.00085
1.00086
1.00085
1.00084
0.999386
0.999461
0.999541
0.999624
0.99971
0.9998
0.999892
0.999986
1.00008
1.00018
1.00027
1.00036
1.00045
1.00053
1.0006
1.00067
1.00073
1.00078
1.00082
1.00086
1.00088
1.00089
1.0009
1.0009
1.00089
0.999358
0.999438
0.999521
0.999608
0.999699
0.999793
0.999889
0.999986
1.00008
1.00018
1.00028
1.00037
1.00046
1.00054
1.00062
1.00069
1.00076
1.00081
1.00086
1.00089
1.00092
1.00093
1.00094
1.00094
1.00093
0.999327
0.999412
0.999499
0.999591
0.999686
0.999784
0.999884
0.999985
1.00009
1.00019
1.00029
1.00038
1.00048
1.00056
1.00065
1.00072
1.00079
1.00084
1.00089
1.00093
1.00096
1.00098
1.00099
1.00099
1.00099
0.999295
0.999383
0.999476
0.999572
0.999671
0.999774
0.999878
0.999984
1.00009
1.00019
1.0003
1.0004
1.0005
1.00059
1.00067
1.00075
1.00082
1.00088
1.00093
1.00097
1.00101
1.00103
1.00104
1.00105
1.00104
0.99926
0.999352
0.99945
0.999551
0.999655
0.999762
0.999871
0.999981
1.00009
1.0002
1.00031
1.00041
1.00052
1.00061
1.0007
1.00078
1.00085
1.00092
1.00097
1.00102
1.00106
1.00108
1.0011
1.0011
1.0011
0.999222
0.999319
0.999421
0.999527
0.999637
0.999749
0.999863
0.999978
1.00009
1.00021
1.00032
1.00043
1.00054
1.00064
1.00073
1.00082
1.00089
1.00096
1.00102
1.00107
1.00111
1.00114
1.00115
1.00116
1.00116
0.999181
0.999283
0.99939
0.999502
0.999616
0.999734
0.999854
0.999975
1.0001
1.00022
1.00033
1.00045
1.00056
1.00066
1.00076
1.00085
1.00093
1.00101
1.00107
1.00112
1.00116
1.00119
1.00121
1.00122
1.00122
0.999137
0.999245
0.999357
0.999474
0.999594
0.999718
0.999843
0.99997
1.0001
1.00022
1.00035
1.00047
1.00058
1.00069
1.0008
1.00089
1.00098
1.00105
1.00112
1.00118
1.00122
1.00126
1.00128
1.00129
1.00129
0.999091
0.999203
0.999321
0.999443
0.99957
0.999699
0.999831
0.999964
1.0001
1.00023
1.00036
1.00049
1.00061
1.00072
1.00083
1.00093
1.00102
1.00111
1.00118
1.00124
1.00129
1.00132
1.00135
1.00136
1.00136
0.99904
0.999158
0.999282
0.99941
0.999543
0.999679
0.999818
0.999958
1.0001
1.00024
1.00037
1.00051
1.00063
1.00076
1.00087
1.00098
1.00107
1.00116
1.00124
1.0013
1.00135
1.00139
1.00142
1.00143
1.00143
0.998987
0.99911
0.999239
0.999374
0.999514
0.999657
0.999802
0.999949
1.0001
1.00024
1.00039
1.00053
1.00066
1.00079
1.00091
1.00102
1.00113
1.00122
1.0013
1.00137
1.00142
1.00146
1.00149
1.00151
1.00151
0.998929
0.999058
0.999194
0.999336
0.999482
0.999632
0.999785
0.99994
1.00009
1.00025
1.0004
1.00055
1.00069
1.00083
1.00095
1.00107
1.00118
1.00128
1.00137
1.00144
1.0015
1.00154
1.00157
1.00159
1.00159
0.998868
0.999003
0.999145
0.999294
0.999447
0.999605
0.999766
0.999929
1.00009
1.00025
1.00041
1.00057
1.00072
1.00086
1.001
1.00112
1.00124
1.00134
1.00144
1.00151
1.00158
1.00162
1.00166
1.00167
1.00168
0.998802
0.998943
0.999092
0.999248
0.999409
0.999575
0.999745
0.999916
1.00009
1.00026
1.00043
1.00059
1.00075
1.0009
1.00104
1.00118
1.0013
1.00141
1.00151
1.00159
1.00166
1.00171
1.00175
1.00177
1.00177
0.998732
0.99888
0.999036
0.999199
0.999368
0.999543
0.999721
0.999901
1.00008
1.00026
1.00044
1.00061
1.00078
1.00094
1.00109
1.00124
1.00137
1.00148
1.00159
1.00167
1.00175
1.0018
1.00184
1.00186
1.00186
0.998657
0.998812
0.998975
0.999146
0.999324
0.999507
0.999694
0.999884
1.00007
1.00026
1.00045
1.00064
1.00081
1.00098
1.00114
1.0013
1.00143
1.00156
1.00167
1.00176
1.00184
1.0019
1.00194
1.00196
1.00196
0.998577
0.998739
0.99891
0.999089
0.999275
0.999468
0.999665
0.999864
1.00007
1.00027
1.00046
1.00066
1.00085
1.00103
1.0012
1.00136
1.0015
1.00164
1.00175
1.00185
1.00194
1.002
1.00204
1.00207
1.00207
0.998492
0.99866
0.998839
0.999027
0.999223
0.999425
0.999632
0.999842
1.00005
1.00027
1.00048
1.00068
1.00088
1.00107
1.00125
1.00142
1.00158
1.00172
1.00184
1.00195
1.00204
1.0021
1.00215
1.00218
1.00218
0.9984
0.998577
0.998763
0.99896
0.999165
0.999377
0.999595
0.999817
1.00004
1.00026
1.00049
1.0007
1.00091
1.00112
1.00131
1.00149
1.00166
1.00181
1.00194
1.00205
1.00215
1.00222
1.00227
1.0023
1.0023
0.998303
0.998487
0.998682
0.998888
0.999103
0.999326
0.999555
0.999788
1.00002
1.00026
1.00049
1.00073
1.00095
1.00116
1.00137
1.00156
1.00174
1.0019
1.00204
1.00216
1.00226
1.00233
1.00239
1.00242
1.00242
0.998198
0.99839
0.998594
0.998809
0.999035
0.999269
0.99951
0.999756
1
1.00025
1.0005
1.00075
1.00098
1.00121
1.00143
1.00163
1.00182
1.00199
1.00214
1.00227
1.00238
1.00246
1.00252
1.00255
1.00255
0.998087
0.998286
0.998499
0.998724
0.99896
0.999206
0.999459
0.999718
0.999981
1.00024
1.00051
1.00077
1.00102
1.00126
1.00149
1.00171
1.00191
1.00209
1.00225
1.00239
1.0025
1.00259
1.00265
1.00268
1.00269
0.997967
0.998175
0.998397
0.998632
0.998879
0.999137
0.999403
0.999676
0.999953
1.00023
1.00051
1.00078
1.00105
1.00131
1.00155
1.00178
1.002
1.00219
1.00236
1.00251
1.00263
1.00272
1.00279
1.00283
1.00284
0.997839
0.998055
0.998286
0.998532
0.998791
0.999061
0.999341
0.999628
0.999921
1.00022
1.00051
1.0008
1.00108
1.00136
1.00162
1.00186
1.00209
1.0023
1.00248
1.00264
1.00277
1.00287
1.00294
1.00298
1.00299
0.997701
0.997926
0.998167
0.998423
0.998694
0.998977
0.999271
0.999574
0.999882
1.00019
1.0005
1.00081
1.00111
1.00141
1.00168
1.00194
1.00219
1.00241
1.0026
1.00277
1.00291
1.00302
1.00309
1.00314
1.00315
0.997554
0.997787
0.998037
0.998304
0.998587
0.998884
0.999193
0.999512
0.999837
1.00017
1.0005
1.00082
1.00114
1.00145
1.00175
1.00203
1.00229
1.00252
1.00273
1.00291
1.00306
1.00317
1.00325
1.0033
1.00331
0.997395
0.997636
0.997896
0.998175
0.99847
0.998781
0.999106
0.999441
0.999785
1.00013
1.00048
1.00083
1.00117
1.0015
1.00181
1.00211
1.00239
1.00264
1.00286
1.00305
1.00321
1.00334
1.00342
1.00348
1.00349
0.997224
0.997473
0.997743
0.998033
0.998342
0.998667
0.999008
0.999361
0.999723
1.00009
1.00046
1.00083
1.00119
1.00154
1.00188
1.0022
1.00249
1.00276
1.003
1.0032
1.00337
1.00351
1.0036
1.00366
1.00367
0.99704
0.997297
0.997577
0.997878
0.9982
0.99854
0.998898
0.99927
0.999652
1.00004
1.00043
1.00082
1.00121
1.00158
1.00194
1.00228
1.0026
1.00288
1.00314
1.00336
1.00354
1.00369
1.00379
1.00385
1.00386
0.996841
0.997106
0.997395
0.997707
0.998043
0.998399
0.998774
0.999165
0.999569
0.999981
1.0004
1.00081
1.00122
1.00162
1.002
1.00236
1.0027
1.00301
1.00328
1.00352
1.00372
1.00387
1.00398
1.00404
1.00406
0.996625
0.996898
0.997196
0.99752
0.997869
0.998241
0.998635
0.999046
0.999472
0.999908
1.00035
1.00079
1.00123
1.00165
1.00206
1.00245
1.00281
1.00314
1.00343
1.00368
1.0039
1.00406
1.00418
1.00425
1.00427
0.996391
0.996671
0.996978
0.997313
0.997676
0.998065
0.998477
0.99891
0.99936
0.999821
1.00029
1.00076
1.00122
1.00168
1.00211
1.00253
1.00291
1.00327
1.00358
1.00385
1.00408
1.00426
1.00439
1.00446
1.00448
0.996139
0.996423
0.996738
0.997084
0.997461
0.997867
0.998299
0.998755
0.999229
0.999718
1.00021
1.00071
1.00121
1.00169
1.00216
1.0026
1.00302
1.0034
1.00373
1.00403
1.00427
1.00446
1.0046
1.00468
1.00471
0.995867
0.996153
0.996475
0.996831
0.997221
0.997644
0.998097
0.998576
0.999077
0.999594
1.00012
1.00065
1.00118
1.0017
1.0022
1.00267
1.00312
1.00352
1.00389
1.0042
1.00447
1.00467
1.00482
1.00491
1.00493
0.995583
0.995863
0.996187
0.99655
0.996953
0.997393
0.997867
0.998371
0.9989
0.999447
1.00001
1.00057
1.00114
1.00169
1.00222
1.00273
1.00321
1.00365
1.00404
1.00438
1.00466
1.00489
1.00505
1.00514
1.00517
0.995302
0.995562
0.995877
0.996243
0.996656
0.997111
0.997606
0.998135
0.998693
0.999273
0.999868
1.00047
1.00107
1.00166
1.00224
1.00278
1.0033
1.00377
1.00419
1.00455
1.00486
1.0051
1.00527
1.00538
1.00541
0.995055
0.99527
0.99556
0.995916
0.99633
0.996797
0.99731
0.997864
0.998452
0.999066
0.999698
1.00034
1.00098
1.00162
1.00223
1.00282
1.00337
1.00387
1.00433
1.00472
1.00505
1.00531
1.0055
1.00561
1.00565
0.994909
0.995034
0.995268
0.99559
0.99599
0.996458
0.996983
0.997558
0.998174
0.998822
0.999494
1.00018
1.00086
1.00154
1.0022
1.00283
1.00342
1.00397
1.00446
1.00488
1.00524
1.00552
1.00573
1.00585
1.00588
0.994957
0.994921
0.995063
0.995313
0.995671
0.996118
0.99664
0.997226
0.997864
0.998543
0.999252
0.999978
1.00071
1.00144
1.00214
1.00282
1.00346
1.00405
1.00457
1.00503
1.00542
1.00572
1.00594
1.00607
1.00611
0.995268
0.995057
0.995023
0.995173
0.995442
0.995833
0.996324
0.996899
0.997544
0.998242
0.998981
0.999745
1.00052
1.00129
1.00205
1.00278
1.00346
1.00409
1.00466
1.00516
1.00558
1.00591
1.00614
1.00629
1.00633
0.995928
0.995514
0.995298
0.995274
0.995412
0.995699
0.996119
0.996648
0.997269
0.997963
0.998713
0.999502
1.00031
1.00113
1.00193
1.0027
1.00343
1.00411
1.00472
1.00526
1.0057
1.00606
1.00632
1.00647
1.00652
0.996863
0.996326
0.995942
0.995735
0.995708
0.99584
0.996148
0.996586
0.997142
0.997795
0.998524
0.999309
1.00013
1.00097
1.0018
1.00261
1.00338
1.0041
1.00475
1.00531
1.00579
1.00618
1.00645
1.00661
1.00666
0.997902
0.997357
0.996897
0.996568
0.996389
0.996378
0.996537
0.996848
0.997299
0.997868
0.998533
0.999272
1.00007
1.00089
1.00173
1.00255
1.00333
1.00407
1.00474
1.00534
1.00584
1.00624
1.00652
1.0067
1.00675
0.998776
0.998354
0.997952
0.997615
0.997381
0.997278
0.997319
0.997506
0.997836
0.998295
0.998863
0.999519
1.00024
1.00101
1.0018
1.00259
1.00336
1.00408
1.00475
1.00534
1.00584
1.00625
1.00654
1.00671
1.00676
0.999286
0.999047
0.998801
0.998575
0.998406
0.998318
0.998332
0.99846
0.998706
0.999065
0.999534
1.0001
1.00072
1.00139
1.0021
1.00281
1.00352
1.00419
1.00481
1.00537
1.00584
1.00622
1.0065
1.00667
1.00672
0.999434
0.999333
0.999243
0.999167
0.99913
0.999146
0.999229
0.999391
0.999637
0.999967
1.00038
1.00086
1.0014
1.00199
1.0026
1.00321
1.00382
1.00441
1.00495
1.00544
1.00586
1.0062
1.00644
1.00659
1.00664
0.999408
0.999362
0.999344
0.999361
0.999425
0.999542
0.999718
0.999957
1.00026
1.00062
1.00104
1.00151
1.00201
1.00254
1.00309
1.00363
1.00416
1.00466
1.00513
1.00554
1.0059
1.00619
1.00639
1.00652
1.00656
0.999381
0.999342
0.999336
0.999375
0.999467
0.999619
0.999834
1.00011
1.00045
1.00084
1.00128
1.00176
1.00227
1.00279
1.00332
1.00383
1.00433
1.0048
1.00523
1.0056
1.00592
1.00618
1.00636
1.00648
1.00652
)
;

boundaryField
{
    back
    {
        type            empty;
    }
    cylinder
    {
        type            zeroGradient;
    }
    front
    {
        type            empty;
    }
    inlet
    {
        type            fixedValue;
        value           uniform 1;
    }
    outlet
    {
        type            zeroGradient;
    }
}


// ************************************************************************* //
