/*--------------------------------*- C++ -*----------------------------------*\
| =========                 |                                                 |
| \\      /  F ield         | OpenFOAM: The Open Source CFD Toolbox           |
|  \\    /   O peration     | Version:  v1912                                 |
|   \\  /    A nd           | Website:  www.openfoam.com                      |
|    \\/     M anipulation  |                                                 |
\*---------------------------------------------------------------------------*/
FoamFile
{
    version     2.0;
    format      ascii;
    class       volScalarField;
    location    "1000";
    object      TMean;
}
// * * * * * * * * * * * * * * * * * * * * * * * * * * * * * * * * * * * * * //

dimensions      [0 0 0 1 0 0 0];


internalField   nonuniform List<scalar> 
9900
(
1.00044
1.00056
1.00046
1.00054
1.00049
1.00051
1.0005
1.00048
1.00047
1.00044
1.00041
1.00037
1.00034
1.00029
1.00024
1.00019
1.00014
1.0001
1.00005
1.00001
0.999963
0.999906
0.999861
0.999779
0.999703
1.0003
1.00029
1.00029
1.00027
1.00027
1.00024
1.00024
1.00022
1.0002
1.00018
1.00016
1.00014
1.00012
1.00009
1.00007
1.00003
0.999995
0.999962
0.999931
0.999902
0.999879
0.999858
0.999848
0.999851
0.999844
1.00006
0.999983
1.00006
0.999992
1.00003
1.00001
1.00001
1
0.999989
0.999992
0.999981
0.99998
0.999978
0.999979
0.999981
0.999982
0.999977
0.999967
0.999954
0.999941
0.999933
0.999926
0.999916
0.999901
0.999854
1.00004
1.00002
1.00005
1.00003
1.00004
1.00004
1.00003
1.00004
1.00003
1.00003
1.00003
1.00003
1.00003
1.00003
1.00003
1.00003
1.00002
1.00001
1
0.999984
0.999965
0.999942
0.999914
0.999886
0.999875
1.0001
1.00009
1.0001
1.0001
1.00009
1.0001
1.00009
1.00009
1.00008
1.00008
1.00007
1.00007
1.00006
1.00005
1.00005
1.00004
1.00003
1.00002
1.00001
0.99999
0.99997
0.999947
0.999928
0.999916
0.999906
1.00013
1.00011
1.00012
1.00011
1.00011
1.00011
1.0001
1.00009
1.00009
1.00008
1.00008
1.00007
1.00006
1.00005
1.00004
1.00003
1.00002
1.00001
1
0.999987
0.999972
0.999957
0.999943
0.99993
0.999918
1.00013
1.00011
1.00012
1.00011
1.00011
1.0001
1.0001
1.00009
1.00008
1.00008
1.00007
1.00006
1.00005
1.00004
1.00003
1.00002
1.00001
1.00001
0.999995
0.999985
0.999974
0.999962
0.99995
0.999938
0.999927
1.00012
1.00011
1.00012
1.00011
1.00011
1.0001
1.0001
1.00009
1.00009
1.00008
1.00007
1.00006
1.00005
1.00004
1.00003
1.00002
1.00001
1
0.999992
0.999982
0.999972
0.999961
0.99995
0.999939
0.99993
1.00013
1.00012
1.00012
1.00012
1.00011
1.00011
1.0001
1.0001
1.00009
1.00008
1.00007
1.00007
1.00006
1.00005
1.00003
1.00002
1.00001
1
0.99999
0.999979
0.999968
0.999958
0.999947
0.999937
0.999927
1.00014
1.00013
1.00013
1.00013
1.00012
1.00011
1.00011
1.0001
1.0001
1.00009
1.00008
1.00007
1.00006
1.00005
1.00003
1.00002
1.00001
0.999999
0.999988
0.999977
0.999965
0.999954
0.999944
0.999933
0.999923
1.00014
1.00014
1.00013
1.00013
1.00013
1.00012
1.00011
1.00011
1.0001
1.00009
1.00008
1.00007
1.00006
1.00005
1.00004
1.00002
1.00001
0.999999
0.999987
0.999975
0.999963
0.999951
0.99994
0.999929
0.999919
1.00015
1.00014
1.00014
1.00014
1.00013
1.00013
1.00012
1.00011
1.0001
1.00009
1.00008
1.00007
1.00006
1.00005
1.00004
1.00002
1.00001
0.999999
0.999986
0.999973
0.999961
0.999948
0.999936
0.999925
0.999915
1.00016
1.00015
1.00015
1.00014
1.00014
1.00013
1.00012
1.00012
1.00011
1.0001
1.00009
1.00008
1.00006
1.00005
1.00004
1.00003
1.00001
0.999999
0.999986
0.999972
0.999958
0.999945
0.999933
0.999921
0.99991
1.00016
1.00016
1.00015
1.00015
1.00015
1.00014
1.00013
1.00012
1.00011
1.0001
1.00009
1.00008
1.00007
1.00005
1.00004
1.00003
1.00001
1
0.999985
0.999971
0.999956
0.999943
0.999929
0.999918
0.999906
1.00017
1.00017
1.00016
1.00016
1.00015
1.00014
1.00014
1.00013
1.00012
1.00011
1.0001
1.00008
1.00007
1.00006
1.00004
1.00003
1.00001
1
0.999984
0.999969
0.999954
0.99994
0.999927
0.999914
0.999902
1.00018
1.00017
1.00017
1.00017
1.00016
1.00015
1.00014
1.00013
1.00012
1.00011
1.0001
1.00009
1.00008
1.00006
1.00005
1.00003
1.00002
1
0.999984
0.999968
0.999953
0.999938
0.999924
0.999911
0.999898
1.00019
1.00018
1.00018
1.00017
1.00017
1.00016
1.00015
1.00014
1.00013
1.00012
1.00011
1.00009
1.00008
1.00006
1.00005
1.00003
1.00002
1
0.999983
0.999967
0.999951
0.999935
0.999921
0.999907
0.999894
1.0002
1.00019
1.00019
1.00018
1.00018
1.00017
1.00016
1.00015
1.00014
1.00013
1.00011
1.0001
1.00008
1.00007
1.00005
1.00003
1.00002
1
0.999982
0.999965
0.999949
0.999933
0.999918
0.999903
0.999889
1.0002
1.0002
1.0002
1.00019
1.00019
1.00018
1.00017
1.00016
1.00014
1.00013
1.00012
1.0001
1.00009
1.00007
1.00005
1.00004
1.00002
1
0.999982
0.999964
0.999947
0.99993
0.999914
0.999899
0.999885
1.00021
1.00021
1.00021
1.0002
1.00019
1.00019
1.00018
1.00016
1.00015
1.00014
1.00012
1.00011
1.00009
1.00007
1.00006
1.00004
1.00002
1
0.999982
0.999963
0.999945
0.999928
0.999911
0.999895
0.999879
1.00022
1.00022
1.00022
1.00021
1.0002
1.0002
1.00018
1.00017
1.00016
1.00015
1.00013
1.00011
1.0001
1.00008
1.00006
1.00004
1.00002
1
0.999981
0.999962
0.999943
0.999924
0.999907
0.99989
0.999874
1.00024
1.00023
1.00023
1.00022
1.00021
1.00021
1.00019
1.00018
1.00017
1.00015
1.00014
1.00012
1.0001
1.00008
1.00006
1.00004
1.00002
1
0.999981
0.99996
0.999941
0.999921
0.999903
0.999885
0.999868
1.00025
1.00024
1.00024
1.00023
1.00022
1.00022
1.0002
1.00019
1.00018
1.00016
1.00014
1.00013
1.00011
1.00009
1.00007
1.00005
1.00002
1
0.99998
0.999959
0.999938
0.999918
0.999898
0.999879
0.999861
1.00026
1.00026
1.00025
1.00024
1.00023
1.00023
1.00021
1.0002
1.00018
1.00017
1.00015
1.00013
1.00011
1.00009
1.00007
1.00005
1.00003
1
0.99998
0.999957
0.999935
0.999914
0.999893
0.999873
0.999855
1.00027
1.00027
1.00026
1.00025
1.00025
1.00024
1.00022
1.00021
1.00019
1.00018
1.00016
1.00014
1.00012
1.0001
1.00007
1.00005
1.00003
1
0.999979
0.999956
0.999933
0.99991
0.999888
0.999867
0.999848
1.00028
1.00028
1.00027
1.00027
1.00026
1.00025
1.00024
1.00022
1.0002
1.00019
1.00017
1.00015
1.00012
1.0001
1.00008
1.00005
1.00003
1
0.999979
0.999954
0.999929
0.999906
0.999883
0.999861
0.99984
1.0003
1.00029
1.00029
1.00028
1.00027
1.00026
1.00025
1.00023
1.00021
1.0002
1.00017
1.00015
1.00013
1.00011
1.00008
1.00006
1.00003
1
0.999978
0.999952
0.999926
0.999901
0.999877
0.999854
0.999832
1.00031
1.00031
1.0003
1.00029
1.00028
1.00027
1.00026
1.00024
1.00023
1.00021
1.00018
1.00016
1.00014
1.00011
1.00009
1.00006
1.00003
1
0.999977
0.999949
0.999922
0.999896
0.999871
0.999846
0.999824
1.00033
1.00032
1.00032
1.00031
1.0003
1.00029
1.00027
1.00026
1.00024
1.00022
1.00019
1.00017
1.00014
1.00012
1.00009
1.00006
1.00003
1
0.999976
0.999947
0.999918
0.999891
0.999864
0.999839
0.999815
1.00034
1.00034
1.00033
1.00032
1.00031
1.0003
1.00029
1.00027
1.00025
1.00023
1.0002
1.00018
1.00015
1.00012
1.00009
1.00007
1.00004
1
0.999974
0.999944
0.999914
0.999885
0.999857
0.99983
0.999805
1.00036
1.00036
1.00035
1.00034
1.00033
1.00032
1.0003
1.00028
1.00026
1.00024
1.00021
1.00019
1.00016
1.00013
1.0001
1.00007
1.00004
1.00001
0.999973
0.999941
0.999909
0.999879
0.999849
0.999821
0.999795
1.00038
1.00037
1.00037
1.00036
1.00035
1.00033
1.00031
1.0003
1.00027
1.00025
1.00022
1.0002
1.00017
1.00014
1.0001
1.00007
1.00004
1
0.999971
0.999938
0.999904
0.999872
0.999841
0.999812
0.999784
1.0004
1.00039
1.00039
1.00038
1.00036
1.00035
1.00033
1.00031
1.00029
1.00026
1.00024
1.00021
1.00018
1.00014
1.00011
1.00008
1.00004
1
0.999969
0.999934
0.999899
0.999865
0.999833
0.999802
0.999773
1.00041
1.00041
1.00041
1.00039
1.00038
1.00036
1.00035
1.00033
1.0003
1.00028
1.00025
1.00022
1.00018
1.00015
1.00012
1.00008
1.00004
1
0.999967
0.99993
0.999893
0.999858
0.999823
0.999791
0.99976
1.00044
1.00043
1.00043
1.00041
1.0004
1.00038
1.00036
1.00034
1.00032
1.00029
1.00026
1.00023
1.00019
1.00016
1.00012
1.00008
1.00004
1
0.999965
0.999926
0.999887
0.99985
0.999814
0.999779
0.999747
1.00046
1.00045
1.00045
1.00043
1.00042
1.0004
1.00038
1.00036
1.00033
1.0003
1.00027
1.00024
1.0002
1.00017
1.00013
1.00009
1.00005
1
0.999963
0.999922
0.999881
0.999841
0.999803
0.999767
0.999733
1.00048
1.00048
1.00047
1.00046
1.00044
1.00042
1.0004
1.00038
1.00035
1.00032
1.00029
1.00025
1.00021
1.00017
1.00013
1.00009
1.00005
1
0.99996
0.999917
0.999874
0.999832
0.999792
0.999754
0.999719
1.0005
1.0005
1.00049
1.00048
1.00046
1.00044
1.00042
1.0004
1.00037
1.00034
1.0003
1.00026
1.00022
1.00018
1.00014
1.00009
1.00005
1
0.999958
0.999912
0.999867
0.999823
0.999781
0.999741
0.999703
1.00053
1.00053
1.00052
1.0005
1.00049
1.00047
1.00044
1.00042
1.00039
1.00035
1.00032
1.00028
1.00024
1.00019
1.00015
1.0001
1.00005
1
0.999955
0.999907
0.999859
0.999813
0.999769
0.999726
0.999687
1.00055
1.00055
1.00054
1.00053
1.00051
1.00049
1.00046
1.00044
1.0004
1.00037
1.00033
1.00029
1.00025
1.0002
1.00015
1.0001
1.00005
1
0.999952
0.999901
0.999851
0.999803
0.999756
0.999711
0.999669
1.00058
1.00058
1.00057
1.00056
1.00054
1.00051
1.00049
1.00046
1.00042
1.00039
1.00035
1.0003
1.00026
1.00021
1.00016
1.00011
1.00006
1
0.999948
0.999895
0.999842
0.999791
0.999742
0.999695
0.999651
1.00061
1.00061
1.0006
1.00058
1.00056
1.00054
1.00051
1.00048
1.00045
1.00041
1.00036
1.00032
1.00027
1.00022
1.00017
1.00011
1.00006
1
0.999945
0.999889
0.999833
0.999779
0.999727
0.999678
0.999631
1.00064
1.00064
1.00063
1.00061
1.00059
1.00057
1.00054
1.0005
1.00047
1.00043
1.00038
1.00033
1.00028
1.00023
1.00017
1.00012
1.00006
1
0.999941
0.999882
0.999824
0.999767
0.999712
0.99966
0.99961
1.00067
1.00067
1.00066
1.00064
1.00062
1.0006
1.00057
1.00053
1.00049
1.00045
1.0004
1.00035
1.0003
1.00024
1.00018
1.00012
1.00006
0.999999
0.999937
0.999874
0.999813
0.999754
0.999696
0.999641
0.999588
1.00071
1.0007
1.00069
1.00068
1.00065
1.00063
1.00059
1.00056
1.00052
1.00047
1.00042
1.00037
1.00031
1.00025
1.00019
1.00013
1.00006
0.999998
0.999932
0.999867
0.999802
0.999739
0.999679
0.99962
0.999565
1.00074
1.00074
1.00073
1.00071
1.00069
1.00066
1.00062
1.00058
1.00054
1.00049
1.00044
1.00038
1.00033
1.00026
1.0002
1.00013
1.00006
0.999996
0.999927
0.999858
0.999791
0.999724
0.99966
0.999599
0.999541
1.00078
1.00078
1.00076
1.00075
1.00072
1.00069
1.00065
1.00061
1.00057
1.00052
1.00046
1.0004
1.00034
1.00028
1.00021
1.00014
1.00007
0.999994
0.999922
0.999849
0.999778
0.999708
0.999641
0.999576
0.999515
1.00082
1.00082
1.0008
1.00078
1.00076
1.00073
1.00069
1.00064
1.0006
1.00054
1.00048
1.00042
1.00036
1.00029
1.00022
1.00014
1.00007
0.999992
0.999916
0.99984
0.999765
0.999691
0.99962
0.999552
0.999487
1.00086
1.00086
1.00084
1.00082
1.0008
1.00076
1.00072
1.00068
1.00063
1.00057
1.00051
1.00044
1.00037
1.0003
1.00023
1.00015
1.00007
0.99999
0.999909
0.999829
0.999751
0.999673
0.999599
0.999527
0.999459
1.00091
1.0009
1.00089
1.00086
1.00084
1.0008
1.00076
1.00071
1.00066
1.0006
1.00053
1.00046
1.00039
1.00032
1.00024
1.00015
1.00007
0.999987
0.999903
0.999818
0.999735
0.999654
0.999575
0.9995
0.999428
1.00095
1.00095
1.00093
1.00091
1.00088
1.00084
1.0008
1.00075
1.00069
1.00063
1.00056
1.00049
1.00041
1.00033
1.00025
1.00016
1.00007
0.999984
0.999895
0.999807
0.999719
0.999634
0.999551
0.999471
0.999396
1.001
1.00099
1.00098
1.00095
1.00092
1.00088
1.00084
1.00078
1.00072
1.00066
1.00059
1.00051
1.00043
1.00034
1.00026
1.00017
1.00007
0.999981
0.999887
0.999794
0.999702
0.999612
0.999525
0.999441
0.999361
1.00105
1.00104
1.00103
1.001
1.00097
1.00093
1.00088
1.00082
1.00076
1.00069
1.00061
1.00053
1.00045
1.00036
1.00027
1.00017
1.00007
0.999977
0.999878
0.999781
0.999684
0.99959
0.999498
0.99941
0.999325
1.00111
1.0011
1.00108
1.00105
1.00102
1.00097
1.00092
1.00086
1.0008
1.00072
1.00064
1.00056
1.00047
1.00038
1.00028
1.00018
1.00008
0.999973
0.999869
0.999766
0.999665
0.999565
0.999469
0.999376
0.999287
1.00116
1.00115
1.00113
1.00111
1.00107
1.00102
1.00097
1.00091
1.00084
1.00076
1.00067
1.00059
1.00049
1.00039
1.00029
1.00018
1.00008
0.999968
0.999859
0.999751
0.999644
0.99954
0.999438
0.999341
0.999247
1.00122
1.00121
1.00119
1.00116
1.00112
1.00108
1.00102
1.00095
1.00088
1.0008
1.00071
1.00061
1.00051
1.00041
1.0003
1.00019
1.00008
0.999962
0.999848
0.999734
0.999622
0.999512
0.999406
0.999303
0.999205
1.00128
1.00127
1.00125
1.00122
1.00118
1.00113
1.00107
1.001
1.00092
1.00083
1.00074
1.00064
1.00054
1.00043
1.00031
1.0002
1.00008
0.999956
0.999836
0.999717
0.999599
0.999483
0.999371
0.999264
0.99916
1.00135
1.00134
1.00132
1.00128
1.00124
1.00119
1.00112
1.00105
1.00097
1.00087
1.00078
1.00067
1.00056
1.00044
1.00032
1.0002
1.00008
0.99995
0.999823
0.999698
0.999574
0.999453
0.999335
0.999222
0.999113
1.00142
1.00141
1.00138
1.00135
1.0013
1.00125
1.00118
1.0011
1.00101
1.00092
1.00081
1.0007
1.00059
1.00046
1.00034
1.00021
1.00008
0.999942
0.999809
0.999677
0.999547
0.99942
0.999297
0.999178
0.999064
1.00149
1.00148
1.00145
1.00142
1.00137
1.00131
1.00124
1.00115
1.00106
1.00096
1.00085
1.00073
1.00061
1.00048
1.00035
1.00021
1.00007
0.999934
0.999794
0.999655
0.999519
0.999385
0.999256
0.999131
0.999011
1.00157
1.00156
1.00153
1.00149
1.00144
1.00137
1.0013
1.00121
1.00111
1.00101
1.00089
1.00077
1.00064
1.0005
1.00036
1.00022
1.00007
0.999924
0.999777
0.999632
0.999488
0.999348
0.999212
0.999081
0.998956
1.00165
1.00163
1.00161
1.00157
1.00151
1.00144
1.00136
1.00127
1.00117
1.00106
1.00093
1.0008
1.00066
1.00052
1.00037
1.00022
1.00007
0.999914
0.999759
0.999606
0.999456
0.999309
0.999166
0.999029
0.998898
1.00173
1.00172
1.00169
1.00165
1.00159
1.00152
1.00143
1.00133
1.00122
1.00111
1.00098
1.00084
1.00069
1.00054
1.00039
1.00023
1.00006
0.999902
0.999739
0.999579
0.999421
0.999267
0.999117
0.998973
0.998836
1.00182
1.00181
1.00178
1.00173
1.00167
1.00159
1.0015
1.0014
1.00128
1.00116
1.00102
1.00087
1.00072
1.00056
1.0004
1.00023
1.00006
0.999888
0.999717
0.999549
0.999383
0.999222
0.999065
0.998915
0.998771
1.00192
1.0019
1.00187
1.00182
1.00175
1.00167
1.00158
1.00147
1.00135
1.00121
1.00107
1.00091
1.00075
1.00058
1.00041
1.00023
1.00005
0.999873
0.999693
0.999516
0.999343
0.999174
0.99901
0.998852
0.998702
1.00201
1.002
1.00196
1.00191
1.00184
1.00176
1.00165
1.00154
1.00141
1.00127
1.00111
1.00095
1.00078
1.0006
1.00042
1.00023
1.00004
0.999855
0.999667
0.999481
0.999299
0.999122
0.998951
0.998786
0.998629
1.00212
1.0021
1.00206
1.00201
1.00193
1.00184
1.00174
1.00161
1.00148
1.00133
1.00116
1.00099
1.00081
1.00062
1.00043
1.00023
1.00003
0.999836
0.999638
0.999443
0.999252
0.999067
0.998888
0.998715
0.998551
1.00223
1.00221
1.00217
1.00211
1.00203
1.00193
1.00182
1.00169
1.00155
1.00139
1.00121
1.00103
1.00084
1.00064
1.00044
1.00023
1.00002
0.999813
0.999606
0.999401
0.999201
0.999007
0.99882
0.99864
0.998469
1.00234
1.00232
1.00228
1.00222
1.00213
1.00203
1.00191
1.00177
1.00162
1.00145
1.00127
1.00107
1.00087
1.00066
1.00045
1.00023
1.00001
0.999788
0.99957
0.999356
0.999146
0.998943
0.998748
0.998561
0.998382
1.00246
1.00244
1.00239
1.00233
1.00224
1.00213
1.002
1.00186
1.00169
1.00151
1.00132
1.00112
1.0009
1.00068
1.00045
1.00022
0.999991
0.99976
0.999531
0.999306
0.999087
0.998875
0.998671
0.998475
0.998289
1.00259
1.00256
1.00252
1.00245
1.00235
1.00224
1.0021
1.00194
1.00177
1.00158
1.00138
1.00116
1.00093
1.0007
1.00046
1.00022
0.999971
0.999728
0.999487
0.999251
0.999022
0.9988
0.998588
0.998384
0.998191
1.00272
1.0027
1.00265
1.00257
1.00247
1.00235
1.0022
1.00204
1.00185
1.00165
1.00143
1.0012
1.00096
1.00072
1.00046
1.00021
0.999947
0.999691
0.999439
0.999192
0.998952
0.99872
0.998498
0.998287
0.998086
1.00286
1.00283
1.00278
1.0027
1.00259
1.00246
1.00231
1.00213
1.00193
1.00172
1.00149
1.00125
1.00099
1.00073
1.00046
1.00019
0.999919
0.99965
0.999385
0.999126
0.998875
0.998633
0.998402
0.998182
0.997975
1.00301
1.00298
1.00292
1.00283
1.00272
1.00258
1.00242
1.00223
1.00202
1.00179
1.00155
1.00129
1.00102
1.00074
1.00046
1.00017
0.999887
0.999603
0.999325
0.999053
0.998791
0.998539
0.998299
0.998071
0.997855
1.00316
1.00313
1.00307
1.00298
1.00285
1.00271
1.00253
1.00233
1.00211
1.00187
1.00161
1.00133
1.00105
1.00075
1.00045
1.00015
0.999848
0.99955
0.999258
0.998973
0.998699
0.998437
0.998187
0.99795
0.997728
1.00332
1.00329
1.00322
1.00312
1.00299
1.00284
1.00265
1.00243
1.0022
1.00194
1.00166
1.00137
1.00107
1.00076
1.00044
1.00012
0.999804
0.99949
0.999183
0.998885
0.998599
0.998325
0.998066
0.997821
0.997591
1.00349
1.00345
1.00338
1.00328
1.00314
1.00297
1.00277
1.00254
1.00229
1.00202
1.00172
1.00141
1.00109
1.00076
1.00042
1.00009
0.999752
0.999421
0.999099
0.998787
0.998488
0.998204
0.997934
0.997681
0.997444
1.00367
1.00363
1.00355
1.00344
1.00329
1.00311
1.0029
1.00265
1.00238
1.00209
1.00178
1.00145
1.00111
1.00076
1.0004
1.00005
0.999691
0.999344
0.999005
0.998679
0.998367
0.998071
0.997792
0.997531
0.997287
1.00385
1.00381
1.00373
1.00361
1.00345
1.00326
1.00303
1.00277
1.00248
1.00217
1.00183
1.00148
1.00112
1.00075
1.00037
0.999995
0.999621
0.999255
0.9989
0.998559
0.998233
0.997926
0.997637
0.997367
0.997117
1.00404
1.004
1.00391
1.00378
1.00361
1.00341
1.00316
1.00288
1.00258
1.00224
1.00189
1.00151
1.00113
1.00073
1.00033
0.999934
0.99954
0.999155
0.998782
0.998425
0.998086
0.997766
0.997468
0.99719
0.996934
1.00424
1.0042
1.0041
1.00396
1.00378
1.00356
1.0033
1.003
1.00267
1.00232
1.00194
1.00154
1.00113
1.00071
1.00028
0.999862
0.999446
0.999041
0.998649
0.998276
0.997922
0.997591
0.997283
0.996998
0.996736
1.00445
1.0044
1.0043
1.00415
1.00396
1.00372
1.00344
1.00312
1.00277
1.00239
1.00198
1.00156
1.00112
1.00067
1.00022
0.999777
0.999337
0.99891
0.9985
0.998109
0.997741
0.997398
0.99708
0.996788
0.996521
1.00467
1.00461
1.00451
1.00435
1.00414
1.00388
1.00358
1.00324
1.00286
1.00245
1.00202
1.00157
1.0011
1.00063
1.00015
0.999676
0.999212
0.998762
0.998331
0.997922
0.99754
0.997184
0.996857
0.996559
0.996288
1.00489
1.00483
1.00472
1.00454
1.00432
1.00404
1.00372
1.00336
1.00295
1.00252
1.00205
1.00157
1.00107
1.00057
1.00006
0.999556
0.999066
0.998592
0.99814
0.997713
0.997315
0.996947
0.996612
0.996308
0.996035
1.00512
1.00506
1.00493
1.00475
1.00451
1.00421
1.00386
1.00347
1.00304
1.00257
1.00207
1.00156
1.00103
1.00049
0.999947
0.999415
0.998896
0.998397
0.997923
0.997477
0.997064
0.996685
0.996342
0.996035
0.995764
1.00535
1.00528
1.00515
1.00495
1.00469
1.00437
1.004
1.00358
1.00311
1.00261
1.00208
1.00153
1.00096
1.00039
0.999813
0.999248
0.9987
0.998174
0.997676
0.997212
0.996784
0.996395
0.996047
0.995742
0.995481
1.00559
1.00552
1.00537
1.00516
1.00488
1.00454
1.00413
1.00368
1.00318
1.00264
1.00207
1.00148
1.00087
1.00026
0.999651
0.999052
0.998472
0.997918
0.997397
0.996913
0.996472
0.996077
0.995731
0.995438
0.995204
1.00583
1.00575
1.00559
1.00536
1.00506
1.00469
1.00426
1.00377
1.00323
1.00266
1.00204
1.00141
1.00076
1.00011
0.999456
0.99882
0.998207
0.997625
0.997081
0.996582
0.996133
0.99574
0.995409
0.995148
0.994974
1.00606
1.00598
1.00581
1.00556
1.00524
1.00484
1.00437
1.00385
1.00327
1.00265
1.00199
1.00131
1.00061
0.999915
0.999224
0.99855
0.997905
0.997296
0.996734
0.996226
0.995781
0.995409
0.995118
0.994925
0.994862
1.00629
1.0062
1.00602
1.00575
1.0054
1.00497
1.00447
1.0039
1.00328
1.00261
1.0019
1.00117
1.00043
0.999685
0.998952
0.998243
0.997569
0.996942
0.996373
0.995874
0.995457
0.995136
0.994924
0.994855
0.994946
1.00651
1.00641
1.00621
1.00592
1.00554
1.00508
1.00453
1.00392
1.00325
1.00254
1.00178
1.001
1.00021
0.999422
0.998653
0.997916
0.997227
0.996599
0.996047
0.995587
0.995237
0.995007
0.994934
0.995038
0.995327
1.0067
1.00659
1.00638
1.00607
1.00566
1.00515
1.00457
1.00392
1.0032
1.00243
1.00163
1.0008
0.999974
0.999154
0.998364
0.99762
0.996941
0.996343
0.995847
0.995471
0.995232
0.995157
0.995268
0.995571
0.99607
1.00685
1.00673
1.0065
1.00617
1.00573
1.0052
1.00458
1.00388
1.00312
1.00232
1.00148
1.00063
0.999775
0.998948
0.998168
0.997453
0.996824
0.996302
0.995907
0.995664
0.99559
0.995694
0.995992
0.996473
0.997105
1.00694
1.00682
1.00658
1.00623
1.00577
1.00521
1.00457
1.00385
1.00307
1.00225
1.0014
1.00055
0.999716
0.998925
0.998199
0.997557
0.997021
0.996616
0.996363
0.996274
0.996363
0.996625
0.997045
0.997596
0.99823
1.00696
1.00684
1.0066
1.00624
1.00578
1.00523
1.00459
1.00388
1.00311
1.00231
1.0015
1.0007
0.99993
0.999223
0.998585
0.998049
0.997634
0.997359
0.997236
0.99727
0.997452
0.997768
0.998187
0.998669
0.999166
1.00692
1.00681
1.00658
1.00624
1.00581
1.00529
1.00469
1.00403
1.00332
1.0026
1.00186
1.00115
1.00049
0.999879
0.999343
0.998911
0.998598
0.998408
0.998343
0.998397
0.998556
0.998797
0.999091
0.999405
0.999708
1.00685
1.00675
1.00655
1.00626
1.00587
1.00541
1.00489
1.00431
1.0037
1.00308
1.00245
1.00183
1.00126
1.00074
1.00028
0.999899
0.999611
0.999413
0.999303
0.999277
0.99932
0.999419
0.999554
0.999708
0.999868
1.00679
1.0067
1.00654
1.00629
1.00596
1.00557
1.00513
1.00463
1.00411
1.00356
1.00301
1.00246
1.00194
1.00144
1.001
1.0006
1.00027
1.00001
0.999813
0.999686
0.999624
0.999618
0.99966
0.99974
0.999849
1.00676
1.00668
1.00653
1.0063
1.00601
1.00566
1.00525
1.0048
1.00431
1.0038
1.00327
1.00274
1.00222
1.00172
1.00125
1.00084
1.00047
1.00017
0.999932
0.999766
0.999669
0.999635
0.999657
0.999726
0.999829
0.999702
0.99976
0.999802
0.999821
0.999833
0.999845
0.999855
0.999862
0.999869
0.999875
0.999879
0.99988
0.999876
0.99987
0.999865
0.999861
0.999859
0.999855
0.999852
0.999852
0.999814
0.999867
1.0005
1.0013
1.00087
0.999842
0.999846
0.999854
0.999862
0.999864
0.999869
0.999873
0.999877
0.99988
0.999883
0.999884
0.999882
0.999875
0.999868
0.999864
0.999862
0.99986
0.999857
0.999855
0.999853
0.999815
0.999895
1.00058
1.00131
1.00087
0.999827
0.999835
0.999861
0.999878
0.999885
0.999886
0.999886
0.999885
0.999887
0.999888
0.999886
0.99988
0.999873
0.999867
0.999864
0.999862
0.999861
0.999858
0.999857
0.999854
0.999819
0.999918
1.00061
1.00133
1.0009
0.999876
0.999883
0.999889
0.999891
0.99989
0.999887
0.999887
0.999888
0.999888
0.999887
0.999883
0.999877
0.999871
0.999867
0.999864
0.999863
0.999862
0.999859
0.99986
0.999855
0.999824
0.999943
1.00066
1.00134
1.0009
0.999893
0.999889
0.999893
0.999898
0.999899
0.999897
0.999894
0.999891
0.999889
0.999885
0.99988
0.999875
0.99987
0.999866
0.999864
0.999864
0.999864
0.999861
0.999863
0.999857
0.99983
0.99997
1.00069
1.00133
1.0009
0.99991
0.999907
0.999907
0.999906
0.999902
0.999896
0.999892
0.999889
0.999886
0.999881
0.999877
0.999872
0.999869
0.999866
0.999865
0.999864
0.999865
0.999863
0.999867
0.999859
0.999835
0.999998
1.00072
1.00131
1.00091
0.999919
0.999914
0.99991
0.999907
0.999902
0.999896
0.99989
0.999886
0.999882
0.999878
0.999873
0.99987
0.999868
0.999866
0.999865
0.999865
0.999866
0.999865
0.99987
0.999861
0.999839
1.00003
1.00075
1.00129
1.00092
0.999921
0.999915
0.99991
0.999904
0.999898
0.999891
0.999885
0.999881
0.999877
0.999874
0.99987
0.999868
0.999867
0.999866
0.999866
0.999866
0.999868
0.999868
0.999874
0.999863
0.999848
1.00006
1.00077
1.00128
1.00093
0.999919
0.999912
0.999905
0.999899
0.999892
0.999885
0.99988
0.999876
0.999873
0.99987
0.999868
0.999866
0.999866
0.999866
0.999866
0.999867
0.99987
0.99987
0.999878
0.999865
0.999859
1.0001
1.0008
1.00127
1.00094
0.999915
0.999907
0.9999
0.999893
0.999885
0.999879
0.999875
0.999871
0.999869
0.999866
0.999865
0.999864
0.999864
0.999865
0.999866
0.999869
0.999871
0.999873
0.999882
0.999867
0.999871
1.00014
1.00083
1.00126
1.00096
0.99991
0.999902
0.999894
0.999886
0.999879
0.999873
0.99987
0.999867
0.999865
0.999863
0.999862
0.999862
0.999863
0.999865
0.999867
0.99987
0.999873
0.999876
0.999886
0.99987
0.999885
1.00019
1.00085
1.00126
1.00097
0.999905
0.999896
0.999888
0.99988
0.999873
0.999868
0.999865
0.999862
0.99986
0.999859
0.999859
0.99986
0.999861
0.999864
0.999867
0.999871
0.999875
0.999879
0.99989
0.999873
0.9999
1.00023
1.00087
1.00125
1.00097
0.9999
0.999891
0.999882
0.999874
0.999868
0.999863
0.99986
0.999857
0.999856
0.999855
0.999855
0.999857
0.99986
0.999863
0.999867
0.999872
0.999877
0.999883
0.999893
0.999876
0.999918
1.00027
1.00089
1.00124
1.00098
0.999896
0.999886
0.999877
0.999868
0.999862
0.999857
0.999855
0.999852
0.999852
0.999851
0.999852
0.999854
0.999857
0.999862
0.999867
0.999873
0.999879
0.999886
0.999897
0.999879
0.999937
1.00031
1.00089
1.00122
1.00098
0.999891
0.999881
0.999871
0.999863
0.999857
0.999852
0.999849
0.999847
0.999847
0.999847
0.999848
0.999851
0.999855
0.999861
0.999867
0.999874
0.99988
0.99989
0.999901
0.999883
0.999957
1.00035
1.00089
1.0012
1.00098
0.999887
0.999876
0.999866
0.999857
0.999851
0.999846
0.999844
0.999842
0.999842
0.999842
0.999844
0.999847
0.999853
0.999859
0.999866
0.999874
0.999882
0.999893
0.999904
0.999886
0.99998
1.00039
1.0009
1.00118
1.00098
0.999882
0.99987
0.99986
0.999851
0.999845
0.99984
0.999838
0.999836
0.999836
0.999837
0.999839
0.999844
0.99985
0.999857
0.999865
0.999874
0.999883
0.999897
0.999907
0.99989
1.00001
1.00042
1.0009
1.00115
1.00098
0.999876
0.999864
0.999854
0.999845
0.999838
0.999834
0.999831
0.99983
0.99983
0.999832
0.999835
0.999839
0.999846
0.999854
0.999863
0.999874
0.999885
0.9999
0.999909
0.999895
1.00003
1.00046
1.0009
1.00113
1.00099
0.999871
0.999858
0.999847
0.999839
0.999832
0.999827
0.999824
0.999823
0.999824
0.999826
0.999829
0.999835
0.999842
0.999851
0.999862
0.999874
0.999885
0.999903
0.999911
0.9999
1.00006
1.00049
1.0009
1.00112
1.00099
0.999865
0.999852
0.999841
0.999832
0.999825
0.99982
0.999817
0.999816
0.999817
0.999819
0.999823
0.99983
0.999838
0.999848
0.999859
0.999873
0.999886
0.999905
0.999913
0.999906
1.00009
1.00052
1.00091
1.00111
1.00099
0.999859
0.999845
0.999834
0.999824
0.999817
0.999812
0.999809
0.999808
0.999809
0.999812
0.999817
0.999824
0.999833
0.999844
0.999857
0.999871
0.999886
0.999907
0.999914
0.999912
1.00012
1.00055
1.00092
1.0011
1.001
0.999852
0.999838
0.999826
0.999816
0.999809
0.999804
0.999801
0.9998
0.999801
0.999805
0.99981
0.999818
0.999827
0.999839
0.999853
0.999869
0.999886
0.999909
0.999914
0.999919
1.00016
1.00059
1.00092
1.0011
1.001
0.999845
0.99983
0.999818
0.999808
0.9998
0.999795
0.999792
0.999791
0.999793
0.999796
0.999802
0.999811
0.999821
0.999834
0.999849
0.999867
0.999885
0.999909
0.999913
0.999926
1.00019
1.00062
1.00093
1.0011
1.001
0.999838
0.999823
0.99981
0.999799
0.999791
0.999785
0.999782
0.999782
0.999783
0.999787
0.999794
0.999803
0.999814
0.999828
0.999845
0.999864
0.999883
0.999909
0.999911
0.999933
1.00023
1.00065
1.00094
1.00109
1.001
0.99983
0.999814
0.9998
0.999789
0.999781
0.999775
0.999772
0.999771
0.999773
0.999778
0.999785
0.999794
0.999807
0.999822
0.99984
0.99986
0.999881
0.999908
0.999909
0.999942
1.00027
1.00067
1.00094
1.00107
1.00099
0.999822
0.999805
0.999791
0.999779
0.99977
0.999764
0.999761
0.99976
0.999762
0.999767
0.999774
0.999785
0.999798
0.999814
0.999834
0.999855
0.999878
0.999906
0.999905
0.999952
1.00031
1.0007
1.00094
1.00106
1.00099
0.999813
0.999795
0.99978
0.999768
0.999759
0.999752
0.999749
0.999748
0.99975
0.999755
0.999763
0.999774
0.999789
0.999806
0.999827
0.99985
0.999875
0.999903
0.999901
0.999963
1.00035
1.00073
1.00095
1.00106
1.00098
0.999803
0.999785
0.999769
0.999757
0.999747
0.99974
0.999736
0.999735
0.999737
0.999743
0.999751
0.999763
0.999778
0.999797
0.999819
0.999843
0.99987
0.999899
0.999896
0.999976
1.00039
1.00075
1.00096
1.00105
1.00098
0.999793
0.999774
0.999758
0.999744
0.999733
0.999726
0.999722
0.999721
0.999723
0.999729
0.999738
0.999751
0.999767
0.999787
0.99981
0.999836
0.999865
0.999894
0.99989
0.99999
1.00042
1.00077
1.00096
1.00105
1.00099
0.999783
0.999762
0.999745
0.999731
0.999719
0.999711
0.999707
0.999706
0.999708
0.999714
0.999724
0.999737
0.999755
0.999776
0.9998
0.999827
0.999858
0.999887
0.999884
1.00001
1.00046
1.0008
1.00097
1.00105
1.00099
0.999771
0.99975
0.999732
0.999716
0.999704
0.999696
0.999691
0.999689
0.999692
0.999698
0.999708
0.999722
0.999741
0.999763
0.999789
0.999817
0.99985
0.999878
0.999876
1.00002
1.0005
1.00082
1.00098
1.00105
1.001
0.999759
0.999737
0.999717
0.999701
0.999688
0.999679
0.999673
0.999672
0.999674
0.999681
0.999691
0.999706
0.999725
0.999749
0.999776
0.999806
0.999841
0.999868
0.999867
1.00004
1.00054
1.00084
1.00099
1.00105
1.001
0.999746
0.999722
0.999702
0.999685
0.999671
0.999661
0.999655
0.999653
0.999655
0.999662
0.999673
0.999689
0.999709
0.999733
0.999762
0.999793
0.99983
0.999855
0.999858
1.00006
1.00057
1.00086
1.00099
1.00105
1.001
0.999733
0.999707
0.999686
0.999667
0.999652
0.999642
0.999635
0.999633
0.999635
0.999642
0.999653
0.99967
0.99969
0.999716
0.999746
0.999778
0.999816
0.99984
0.999848
1.00008
1.00061
1.00088
1.001
1.00105
1.001
0.999718
0.999691
0.999668
0.999649
0.999633
0.999621
0.999614
0.999611
0.999613
0.99962
0.999632
0.999649
0.99967
0.999697
0.999728
0.999762
0.999801
0.999823
0.999837
1.0001
1.00065
1.0009
1.00101
1.00105
1.00101
0.999702
0.999674
0.99965
0.999629
0.999612
0.999599
0.999592
0.999588
0.99959
0.999597
0.999609
0.999626
0.999648
0.999676
0.999708
0.999743
0.999784
0.999803
0.999824
1.00012
1.00068
1.00091
1.00102
1.00105
1.00101
0.999686
0.999656
0.99963
0.999608
0.99959
0.999576
0.999567
0.999564
0.999565
0.999572
0.999584
0.999601
0.999625
0.999653
0.999686
0.999722
0.999763
0.999779
0.999811
1.00014
1.00071
1.00093
1.00103
1.00106
1.00101
0.999668
0.999637
0.999609
0.999585
0.999566
0.999552
0.999542
0.999537
0.999538
0.999545
0.999557
0.999575
0.999598
0.999628
0.999661
0.999699
0.99974
0.999753
0.999796
1.00017
1.00074
1.00095
1.00104
1.00106
1.00102
0.99965
0.999616
0.999587
0.999562
0.999541
0.999525
0.999515
0.999509
0.99951
0.999516
0.999528
0.999546
0.99957
0.9996
0.999634
0.999673
0.999713
0.999723
0.999781
1.00019
1.00078
1.00097
1.00105
1.00107
1.00103
0.99963
0.999595
0.999564
0.999537
0.999515
0.999497
0.999486
0.999479
0.999479
0.999485
0.999497
0.999515
0.999539
0.99957
0.999604
0.999644
0.999683
0.99969
0.999766
1.00021
1.00081
1.00099
1.00107
1.00108
1.00104
0.99961
0.999572
0.999539
0.99951
0.999486
0.999468
0.999455
0.999448
0.999446
0.999452
0.999463
0.999481
0.999506
0.999536
0.999571
0.999612
0.999648
0.999653
0.999751
1.00024
1.00084
1.00101
1.00108
1.00109
1.00105
0.999588
0.999548
0.999513
0.999482
0.999456
0.999436
0.999422
0.999414
0.999412
0.999416
0.999427
0.999445
0.99947
0.9995
0.999535
0.999576
0.99961
0.999613
0.999738
1.00027
1.00087
1.00103
1.0011
1.0011
1.00106
0.999564
0.999522
0.999485
0.999452
0.999425
0.999403
0.999387
0.999377
0.999374
0.999378
0.999389
0.999406
0.99943
0.999461
0.999496
0.999537
0.999567
0.99957
0.999726
1.0003
1.0009
1.00105
1.00111
1.00111
1.00107
0.99954
0.999495
0.999456
0.999421
0.999391
0.999367
0.99935
0.999339
0.999335
0.999337
0.999347
0.999364
0.999388
0.999419
0.999454
0.999494
0.99952
0.999525
0.999718
1.00033
1.00093
1.00107
1.00113
1.00112
1.00108
0.999514
0.999467
0.999424
0.999387
0.999356
0.99933
0.999311
0.999298
0.999292
0.999294
0.999303
0.999319
0.999343
0.999373
0.999408
0.999447
0.999468
0.999478
0.999712
1.00037
1.00096
1.00109
1.00114
1.00113
1.00108
0.999487
0.999437
0.999392
0.999352
0.999318
0.99929
0.999269
0.999254
0.999247
0.999248
0.999255
0.999271
0.999294
0.999323
0.999358
0.999395
0.999411
0.99943
0.99971
1.0004
1.00099
1.00111
1.00116
1.00114
1.00109
0.999458
0.999405
0.999357
0.999314
0.999278
0.999248
0.999225
0.999208
0.999199
0.999198
0.999205
0.999219
0.999241
0.99927
0.999304
0.999339
0.99935
0.999381
0.999712
1.00044
1.00101
1.00113
1.00117
1.00115
1.00109
0.999427
0.999371
0.99932
0.999275
0.999236
0.999203
0.999178
0.999159
0.999149
0.999146
0.999151
0.999164
0.999185
0.999212
0.999246
0.999277
0.999284
0.999335
0.999719
1.00047
1.00104
1.00116
1.00119
1.00116
1.0011
0.999394
0.999335
0.999281
0.999233
0.999191
0.999156
0.999128
0.999108
0.999095
0.99909
0.999094
0.999105
0.999125
0.999151
0.999183
0.999209
0.999214
0.999291
0.999733
1.00051
1.00107
1.00119
1.00121
1.00118
1.00111
0.99936
0.999298
0.99924
0.999189
0.999144
0.999106
0.999076
0.999053
0.999038
0.999031
0.999033
0.999043
0.99906
0.999085
0.999115
0.999137
0.999141
0.999253
0.999751
1.00055
1.00111
1.00122
1.00123
1.00119
1.00112
0.999324
0.999258
0.999197
0.999143
0.999095
0.999054
0.99902
0.998995
0.998977
0.998968
0.998968
0.998976
0.998991
0.999014
0.999041
0.999058
0.999065
0.999219
0.999773
1.00059
1.00114
1.00125
1.00126
1.0012
1.00112
0.999286
0.999216
0.999152
0.999094
0.999042
0.998998
0.998962
0.998933
0.998913
0.998902
0.998899
0.998904
0.998918
0.998938
0.998962
0.998973
0.998988
0.999192
0.999796
1.00062
1.00118
1.00129
1.00128
1.00122
1.00114
0.999246
0.999172
0.999104
0.999042
0.998987
0.99894
0.9989
0.998869
0.998846
0.998831
0.998826
0.998828
0.998839
0.998857
0.998876
0.998882
0.998911
0.999173
0.999824
1.00067
1.00122
1.00133
1.00131
1.00123
1.00115
0.999204
0.999126
0.999053
0.998988
0.998929
0.998879
0.998835
0.998801
0.998774
0.998757
0.998748
0.998748
0.998756
0.99877
0.998783
0.998786
0.998835
0.999163
0.999854
1.00071
1.00126
1.00137
1.00133
1.00125
1.00116
0.999159
0.999077
0.999
0.998931
0.998869
0.998814
0.998767
0.998729
0.998699
0.998678
0.998666
0.998662
0.998667
0.998677
0.998684
0.998686
0.998764
0.999161
0.999888
1.00075
1.0013
1.00141
1.00135
1.00126
1.00117
0.999112
0.999025
0.998945
0.998871
0.998804
0.998746
0.998695
0.998653
0.99862
0.998595
0.998579
0.998572
0.998572
0.998577
0.998578
0.998582
0.9987
0.999167
0.999926
1.0008
1.00135
1.00145
1.00137
1.00127
1.00118
0.999063
0.998971
0.998886
0.998808
0.998737
0.998674
0.99862
0.998573
0.998536
0.998507
0.998487
0.998476
0.998472
0.99847
0.998465
0.998477
0.998647
0.99918
0.999969
1.00086
1.0014
1.00148
1.00139
1.00127
1.00118
0.999011
0.998914
0.998824
0.998742
0.998666
0.998599
0.99854
0.99849
0.998448
0.998415
0.99839
0.998374
0.998365
0.998356
0.998347
0.998371
0.998606
0.999201
1.00002
1.00091
1.00144
1.00151
1.00139
1.00127
1.00117
0.998956
0.998854
0.998759
0.998672
0.998592
0.998521
0.998457
0.998402
0.998356
0.998318
0.998288
0.998267
0.998251
0.998235
0.998223
0.998269
0.998579
0.999231
1.00007
1.00097
1.00149
1.00154
1.0014
1.00125
1.00115
0.998898
0.998791
0.998691
0.998599
0.998514
0.998438
0.99837
0.99831
0.998258
0.998215
0.99818
0.998153
0.99813
0.998106
0.998095
0.998175
0.998565
0.99927
1.00014
1.00103
1.00152
1.00155
1.00139
1.00123
1.00112
0.998837
0.998725
0.99862
0.998522
0.998433
0.998351
0.998278
0.998213
0.998157
0.998108
0.998067
0.998034
0.998002
0.997971
0.997965
0.998095
0.998566
0.999319
1.00021
1.00109
1.00156
1.00156
1.00137
1.00119
1.00107
0.998773
0.998655
0.998545
0.998442
0.998347
0.998261
0.998182
0.998112
0.99805
0.997995
0.997948
0.997907
0.997867
0.997831
0.997836
0.998031
0.998583
0.99938
1.00028
1.00115
1.00159
1.00156
1.00134
1.00114
1.00102
0.998705
0.998582
0.998466
0.998358
0.998258
0.998166
0.998082
0.998006
0.997938
0.997877
0.997824
0.997774
0.997724
0.997687
0.997713
0.997989
0.998617
0.999452
1.00036
1.00121
1.00161
1.00155
1.0013
1.00107
1.00095
0.998634
0.998504
0.998383
0.998269
0.998164
0.998067
0.997977
0.997896
0.997821
0.997754
0.997693
0.997634
0.997575
0.997539
0.997603
0.99797
0.99867
0.999538
1.00045
1.00126
1.00161
1.00152
1.00124
1.001
1.00086
0.998558
0.998423
0.998296
0.998177
0.998066
0.997963
0.997868
0.99778
0.9977
0.997625
0.997556
0.997487
0.997422
0.997393
0.997515
0.997976
0.998744
0.999637
1.00055
1.00131
1.00161
1.00148
1.00117
1.00091
1.00076
0.998479
0.998338
0.998205
0.99808
0.997963
0.997855
0.997754
0.99766
0.997572
0.997491
0.997412
0.997333
0.997265
0.997254
0.997453
0.998012
0.99884
0.999751
1.00065
1.00135
1.0016
1.00143
1.0011
1.00081
1.00066
0.998395
0.998248
0.998109
0.997978
0.997856
0.997742
0.997635
0.997534
0.99744
0.997351
0.997262
0.997174
0.997109
0.997131
0.997426
0.99808
0.99896
0.999878
1.00075
1.00138
1.00157
1.00136
1.00101
1.00071
1.00054
0.998306
0.998153
0.998008
0.997872
0.997744
0.997624
0.997511
0.997404
0.997302
0.997204
0.997105
0.997012
0.996955
0.997034
0.997438
0.998184
0.999103
1.00002
1.00084
1.0014
1.00152
1.00129
1.00091
1.0006
1.00043
0.998213
0.998053
0.997902
0.99776
0.997626
0.9975
0.997381
0.997268
0.997159
0.997052
0.996944
0.996849
0.996813
0.996975
0.997494
0.998325
0.99927
1.00017
1.00093
1.0014
1.00146
1.0012
1.00082
1.0005
1.00032
0.998113
0.997947
0.99779
0.997643
0.997504
0.997372
0.997247
0.997127
0.997011
0.996894
0.996779
0.99669
0.996693
0.996963
0.9976
0.998504
0.999458
1.00031
1.001
1.00139
1.00139
1.00111
1.00072
1.0004
1.00022
0.998008
0.997836
0.997673
0.99752
0.997375
0.997238
0.997107
0.99698
0.996856
0.99673
0.996613
0.99654
0.996612
0.997006
0.997759
0.998719
0.999661
1.00046
1.00106
1.00136
1.00131
1.00102
1.00063
1.00031
1.00013
0.997897
0.997718
0.99755
0.997391
0.997241
0.997098
0.996961
0.996828
0.996695
0.996563
0.996452
0.996411
0.996583
0.997114
0.997974
0.998967
0.999872
1.00059
1.0011
1.00132
1.00122
1.00093
1.00055
1.00024
1.00005
0.997778
0.997594
0.99742
0.997256
0.997101
0.996953
0.99681
0.99667
0.99653
0.996396
0.996301
0.996319
0.99662
0.997293
0.998242
0.99924
1.00008
1.00071
1.00112
1.00126
1.00114
1.00084
1.00049
1.00018
1.00001
0.997653
0.997462
0.997283
0.997114
0.996954
0.996801
0.996653
0.996506
0.996361
0.996235
0.996171
0.996285
0.996736
0.997544
0.998558
0.999523
1.00027
1.0008
1.00112
1.0012
1.00106
1.00078
1.00044
1.00015
0.999981
0.997519
0.997322
0.997138
0.996965
0.9968
0.996642
0.996489
0.996337
0.996192
0.996086
0.99608
0.996326
0.996937
0.997866
0.998908
0.999802
1.00045
1.00087
1.00111
1.00115
1.00099
1.00072
1.00041
1.00015
0.999984
0.997376
0.997174
0.996986
0.996808
0.996639
0.996477
0.996319
0.996164
0.996031
0.995961
0.996053
0.996459
0.99723
0.998253
0.999271
1.00006
1.00059
1.00092
1.00109
1.0011
1.00094
1.00069
1.00041
1.00016
1.00001
0.997223
0.997017
0.996824
0.996642
0.99647
0.996304
0.996143
0.995994
0.995886
0.995882
0.996112
0.996696
0.997613
0.998683
0.999629
1.0003
1.0007
1.00095
1.00108
1.00106
1.00091
1.00068
1.00042
1.0002
1.00007
0.99706
0.996849
0.996653
0.996468
0.996293
0.996124
0.995965
0.995834
0.995773
0.995875
0.996279
0.99704
0.998074
0.999128
0.999962
1.00049
1.00079
1.00098
1.00107
1.00104
1.00089
1.00069
1.00046
1.00026
1.00014
0.996885
0.996671
0.996471
0.996284
0.996106
0.995939
0.995792
0.995698
0.995716
0.995971
0.996565
0.997494
0.998583
0.999562
1.00025
1.00064
1.00086
1.001
1.00107
1.00103
1.0009
1.00071
1.00051
1.00034
1.00024
0.996698
0.99648
0.996277
0.996089
0.995913
0.995754
0.995637
0.995605
0.99575
0.996193
0.996982
0.998034
0.999105
0.99996
1.00049
1.00076
1.00091
1.00104
1.00109
1.00104
1.00092
1.00076
1.00058
1.00044
1.00035
0.996496
0.996275
0.996072
0.995885
0.995716
0.995582
0.995519
0.995589
0.995908
0.996556
0.99752
0.99862
0.999607
1.0003
1.00068
1.00085
1.00097
1.00108
1.00112
1.00107
1.00096
1.00081
1.00066
1.00054
1.00047
0.996278
0.996056
0.995855
0.995675
0.995528
0.995441
0.995465
0.995692
0.996214
0.997068
0.998142
0.999211
1.00005
1.00057
1.00081
1.00092
1.00103
1.00113
1.00116
1.00111
1.001
1.00088
1.00075
1.00065
1.00059
0.996043
0.995824
0.99563
0.99547
0.995366
0.99536
0.995523
0.995945
0.996688
0.997701
0.998802
0.999762
1.00042
1.00077
1.00091
1.00099
1.00109
1.00119
1.00121
1.00116
1.00106
1.00095
1.00084
1.00076
1.00071
0.995793
0.995581
0.995407
0.99529
0.995264
0.995384
0.995733
0.99638
0.997316
0.998409
0.999445
1.00023
1.0007
1.0009
1.00098
1.00105
1.00117
1.00126
1.00127
1.00122
1.00112
1.00103
1.00094
1.00086
1.00082
0.99553
0.99534
0.99521
0.99517
0.995265
0.995564
0.996136
0.996997
0.998056
0.999129
1.00001
1.0006
1.00089
1.00099
1.00104
1.00113
1.00125
1.00133
1.00133
1.00128
1.00119
1.0011
1.00103
1.00097
1.00093
0.99527
0.995127
0.995077
0.995158
0.995427
0.995947
0.996744
0.997759
0.998839
0.999789
1.00047
1.00085
1.001
1.00105
1.00111
1.00121
1.00134
1.00141
1.0014
1.00134
1.00126
1.00118
1.00111
1.00106
1.00103
0.995046
0.994989
0.995064
0.995318
0.995807
0.996556
0.997527
0.998594
0.999579
1.00033
1.00079
1.00099
1.00106
1.0011
1.00118
1.0013
1.00142
1.00147
1.00146
1.0014
1.00132
1.00125
1.00119
1.00115
1.00112
0.994913
0.994987
0.995239
0.995714
0.996433
0.997366
0.998409
0.999403
1.0002
1.00071
1.00097
1.00107
1.0011
1.00115
1.00125
1.00139
1.00149
1.00154
1.00152
1.00146
1.00139
1.00132
1.00126
1.00123
1.0012
0.994941
0.9952
0.995675
0.996377
0.99728
0.998293
0.999276
1.00009
1.00064
1.00094
1.00106
1.0011
1.00114
1.00121
1.00133
1.00146
1.00156
1.0016
1.00158
1.00152
1.00145
1.00139
1.00134
1.0013
1.00128
0.995217
0.995702
0.996398
0.997276
0.998254
0.999208
1.00001
1.00058
1.0009
1.00104
1.00108
1.00112
1.00118
1.00127
1.0014
1.00153
1.00162
1.00165
1.00163
1.00158
1.00151
1.00145
1.0014
1.00137
1.00135
0.995824
0.996515
0.997364
0.998297
0.999204
0.999972
1.00053
1.00086
1.001
1.00106
1.00109
1.00114
1.00122
1.00134
1.00147
1.00159
1.00167
1.00169
1.00168
1.00163
1.00158
1.00152
1.00147
1.00144
1.00142
0.996745
0.997553
0.998423
0.99926
0.999971
1.00049
1.00081
1.00096
1.00102
1.00105
1.00109
1.00117
1.00127
1.00139
1.00152
1.00163
1.0017
1.00173
1.00172
1.00169
1.00164
1.00159
1.00155
1.00151
1.00149
0.997845
0.998627
0.999368
0.999995
1.00046
1.00075
1.0009
1.00096
1.00099
1.00103
1.0011
1.0012
1.00132
1.00144
1.00156
1.00166
1.00173
1.00176
1.00176
1.00174
1.0017
1.00166
1.00162
1.00159
1.00157
0.998888
0.999505
1.00002
1.00041
1.00066
1.0008
1.00087
1.00091
1.00096
1.00103
1.00113
1.00124
1.00136
1.00148
1.00159
1.00168
1.00175
1.00179
1.0018
1.00178
1.00176
1.00173
1.00169
1.00167
1.00165
0.999632
1.00003
1.00033
1.00054
1.00067
1.00075
1.00081
1.00088
1.00095
1.00105
1.00115
1.00127
1.00139
1.0015
1.00161
1.00169
1.00176
1.0018
1.00182
1.00182
1.00181
1.00179
1.00177
1.00175
1.00173
0.999976
1.0002
1.00037
1.0005
1.0006
1.00068
1.00077
1.00086
1.00096
1.00106
1.00118
1.00129
1.00141
1.00152
1.00162
1.0017
1.00176
1.00181
1.00184
1.00185
1.00185
1.00184
1.00183
1.00182
1.0018
1.00002
1.00017
1.0003
1.00042
1.00053
1.00064
1.00075
1.00085
1.00096
1.00108
1.00119
1.00131
1.00142
1.00152
1.00162
1.0017
1.00176
1.00181
1.00185
1.00187
1.00188
1.00188
1.00188
1.00187
1.00186
0.999975
1.00011
1.00025
1.00038
1.00051
1.00063
1.00074
1.00086
1.00097
1.00109
1.0012
1.00132
1.00142
1.00153
1.00162
1.00169
1.00176
1.00181
1.00185
1.00188
1.0019
1.0019
1.0019
1.0019
1.00189
0.999954
1.00009
1.00023
1.00037
1.0005
1.00062
1.00074
1.00086
1.00098
1.00109
1.00121
1.00132
1.00142
1.00152
1.00161
1.00169
1.00176
1.00181
1.00185
1.00188
1.0019
1.00191
1.00191
1.00191
1.0019
1.00088
1.0013
1.00052
0.999886
0.99983
0.999868
0.999868
0.999871
0.999875
0.999879
0.999884
0.99989
0.999895
0.999896
0.999895
0.999892
0.999887
0.999879
0.99987
0.999862
0.99985
0.999831
0.999795
0.999744
0.999688
1.00088
1.0013
1.00059
0.999912
0.99983
0.999868
0.99987
0.999872
0.999876
0.999879
0.999883
0.999889
0.999894
0.999898
0.9999
0.999899
0.999897
0.999893
0.999887
0.999882
0.999879
0.999877
0.999858
0.999837
0.999829
1.00089
1.00131
1.00062
0.999931
0.999832
0.999868
0.999872
0.999873
0.999877
0.99988
0.999883
0.999887
0.999892
0.999897
0.999902
0.999904
0.999904
0.999902
0.9999
0.999897
0.999896
0.99989
0.999869
0.999839
0.999829
1.00089
1.00131
1.00066
0.999954
0.999836
0.999868
0.999874
0.999874
0.999878
0.99988
0.999883
0.999887
0.99989
0.999895
0.999899
0.999903
0.999905
0.999905
0.999902
0.999899
0.9999
0.999901
0.999897
0.999888
0.999879
1.0009
1.0013
1.0007
0.999982
0.999841
0.999869
0.999876
0.999875
0.999879
0.999881
0.999883
0.999886
0.999889
0.999892
0.999897
0.999902
0.999906
0.999909
0.999909
0.999909
0.999907
0.999905
0.9999
0.999897
0.999902
1.00091
1.00129
1.00074
1.00001
0.999844
0.99987
0.99988
0.999877
0.999881
0.999882
0.999884
0.999885
0.999887
0.99989
0.999894
0.999898
0.999903
0.999907
0.999909
0.999911
0.999911
0.999912
0.999913
0.999914
0.999917
1.00092
1.00128
1.00077
1.00004
0.999849
0.999872
0.999883
0.99988
0.999882
0.999883
0.999884
0.999885
0.999886
0.999888
0.999891
0.999895
0.9999
0.999905
0.999909
0.999911
0.999913
0.999914
0.999916
0.99992
0.999928
1.00093
1.00127
1.00079
1.00008
0.999857
0.999874
0.999887
0.999882
0.999884
0.999884
0.999884
0.999884
0.999884
0.999886
0.999888
0.999891
0.999895
0.9999
0.999904
0.999908
0.999911
0.999913
0.999917
0.999922
0.99993
1.00094
1.00126
1.00082
1.00012
0.999868
0.999876
0.999891
0.999885
0.999886
0.999885
0.999884
0.999883
0.999883
0.999883
0.999885
0.999887
0.999891
0.999896
0.9999
0.999904
0.999907
0.99991
0.999914
0.99992
0.999928
1.00096
1.00124
1.00084
1.00016
0.99988
0.999878
0.999895
0.999888
0.999887
0.999885
0.999884
0.999882
0.999881
0.999881
0.999882
0.999884
0.999887
0.999891
0.999895
0.999899
0.999903
0.999906
0.99991
0.999916
0.999924
1.00097
1.00123
1.00086
1.00019
0.999893
0.99988
0.999899
0.99989
0.999889
0.999886
0.999884
0.999881
0.99988
0.999879
0.999879
0.99988
0.999883
0.999886
0.99989
0.999894
0.999898
0.999902
0.999906
0.999913
0.999921
1.00097
1.00122
1.00087
1.00023
0.999908
0.999883
0.999902
0.999893
0.99989
0.999887
0.999883
0.99988
0.999878
0.999876
0.999876
0.999876
0.999878
0.999881
0.999885
0.999889
0.999893
0.999897
0.999902
0.999909
0.999917
1.00097
1.00121
1.00088
1.00027
0.999924
0.999886
0.999906
0.999896
0.999892
0.999887
0.999883
0.999879
0.999876
0.999874
0.999873
0.999872
0.999874
0.999876
0.999879
0.999884
0.999888
0.999893
0.999898
0.999905
0.999913
1.00098
1.00119
1.00089
1.00032
0.999942
0.999888
0.999909
0.999899
0.999893
0.999888
0.999882
0.999878
0.999874
0.999871
0.999869
0.999868
0.999869
0.999871
0.999874
0.999878
0.999883
0.999888
0.999894
0.9999
0.999909
1.00098
1.00117
1.0009
1.00036
0.999961
0.999892
0.999912
0.999902
0.999894
0.999888
0.999881
0.999876
0.999871
0.999868
0.999865
0.999864
0.999864
0.999865
0.999869
0.999873
0.999878
0.999883
0.999889
0.999896
0.999905
1.00099
1.00116
1.00091
1.0004
0.999985
0.999894
0.999915
0.999905
0.999895
0.999888
0.99988
0.999874
0.999868
0.999864
0.999861
0.999859
0.999859
0.99986
0.999863
0.999867
0.999872
0.999878
0.999884
0.999892
0.999901
1.00099
1.00114
1.00091
1.00044
1.00001
0.999898
0.999918
0.999909
0.999896
0.999888
0.999879
0.999872
0.999865
0.99986
0.999856
0.999854
0.999853
0.999854
0.999856
0.99986
0.999866
0.999872
0.999879
0.999887
0.999896
1.00099
1.00112
1.00091
1.00048
1.00004
0.999903
0.99992
0.999911
0.999897
0.999888
0.999877
0.999869
0.999862
0.999856
0.999851
0.999848
0.999847
0.999848
0.99985
0.999854
0.999859
0.999866
0.999873
0.999882
0.999892
1.00099
1.00111
1.00092
1.00051
1.00007
0.999909
0.999922
0.999914
0.999898
0.999887
0.999875
0.999866
0.999858
0.999851
0.999846
0.999842
0.999841
0.999841
0.999843
0.999847
0.999852
0.999859
0.999867
0.999876
0.999886
1.001
1.0011
1.00092
1.00054
1.0001
0.999915
0.999923
0.999916
0.999898
0.999886
0.999873
0.999862
0.999853
0.999846
0.99984
0.999836
0.999834
0.999833
0.999835
0.999839
0.999845
0.999852
0.99986
0.99987
0.999881
1.001
1.00109
1.00092
1.00057
1.00013
0.999922
0.999924
0.999918
0.999898
0.999884
0.99987
0.999858
0.999848
0.99984
0.999833
0.999829
0.999826
0.999826
0.999827
0.999831
0.999837
0.999845
0.999853
0.999864
0.999875
1.001
1.00108
1.00093
1.0006
1.00016
0.999928
0.999924
0.999919
0.999897
0.999882
0.999867
0.999853
0.999842
0.999833
0.999826
0.999821
0.999818
0.999817
0.999819
0.999823
0.999829
0.999837
0.999846
0.999857
0.999869
1.001
1.00107
1.00093
1.00063
1.0002
0.999935
0.999923
0.99992
0.999896
0.999879
0.999863
0.999848
0.999836
0.999826
0.999818
0.999812
0.999809
0.999808
0.99981
0.999813
0.99982
0.999828
0.999838
0.999849
0.999862
1.001
1.00106
1.00093
1.00066
1.00023
0.999942
0.999921
0.999919
0.999894
0.999876
0.999858
0.999842
0.999829
0.999818
0.999809
0.999803
0.999799
0.999798
0.9998
0.999804
0.99981
0.999819
0.999829
0.999841
0.999855
1.00099
1.00105
1.00093
1.00068
1.00027
0.99995
0.999919
0.999918
0.999892
0.999872
0.999853
0.999836
0.999821
0.999809
0.999799
0.999793
0.999789
0.999787
0.999789
0.999793
0.9998
0.999809
0.99982
0.999833
0.999848
1.00098
1.00104
1.00094
1.00071
1.0003
0.999959
0.999915
0.999916
0.999889
0.999867
0.999847
0.999828
0.999812
0.999799
0.999789
0.999782
0.999777
0.999776
0.999777
0.999782
0.999789
0.999798
0.99981
0.999824
0.999839
1.00098
1.00103
1.00094
1.00073
1.00034
0.999969
0.999911
0.999913
0.999885
0.999861
0.999839
0.99982
0.999803
0.999789
0.999778
0.99977
0.999765
0.999763
0.999765
0.999769
0.999777
0.999787
0.999799
0.999814
0.999831
1.00098
1.00102
1.00095
1.00075
1.00038
0.99998
0.999905
0.999908
0.99988
0.999854
0.999831
0.99981
0.999792
0.999777
0.999765
0.999757
0.999752
0.99975
0.999751
0.999756
0.999764
0.999775
0.999788
0.999803
0.999821
1.00099
1.00102
1.00096
1.00078
1.00041
0.999994
0.999899
0.999903
0.999874
0.999847
0.999822
0.9998
0.999781
0.999765
0.999752
0.999743
0.999737
0.999736
0.999737
0.999742
0.999751
0.999762
0.999776
0.999792
0.999811
1.00099
1.00103
1.00097
1.0008
1.00045
1.00001
0.999891
0.999896
0.999868
0.999838
0.999812
0.999788
0.999768
0.999751
0.999738
0.999728
0.999722
0.99972
0.999722
0.999727
0.999736
0.999748
0.999763
0.99978
0.9998
1.00099
1.00103
1.00098
1.00083
1.00049
1.00003
0.999883
0.999887
0.99986
0.999828
0.9998
0.999775
0.999753
0.999736
0.999722
0.999712
0.999706
0.999704
0.999706
0.999711
0.999721
0.999733
0.999749
0.999767
0.999788
1.001
1.00103
1.00099
1.00085
1.00053
1.00004
0.999875
0.999876
0.99985
0.999816
0.999787
0.999761
0.999738
0.999719
0.999705
0.999694
0.999688
0.999686
0.999688
0.999694
0.999704
0.999718
0.999734
0.999753
0.999776
1.001
1.00103
1.001
1.00087
1.00057
1.00007
0.999865
0.999864
0.999839
0.999803
0.999773
0.999745
0.999721
0.999701
0.999686
0.999675
0.999669
0.999667
0.99967
0.999676
0.999687
0.999701
0.999719
0.999739
0.999763
1.001
1.00103
1.001
1.00089
1.00061
1.00009
0.999856
0.999849
0.999826
0.999788
0.999757
0.999727
0.999702
0.999682
0.999666
0.999655
0.999648
0.999647
0.99965
0.999657
0.999668
0.999683
0.999702
0.999724
0.999749
1.001
1.00104
1.00101
1.00091
1.00065
1.00011
0.999845
0.999832
0.999811
0.999772
0.999738
0.999708
0.999682
0.99966
0.999644
0.999633
0.999626
0.999625
0.999628
0.999636
0.999648
0.999664
0.999684
0.999707
0.999734
1.00101
1.00104
1.00102
1.00093
1.00068
1.00013
0.999833
0.999812
0.999794
0.999753
0.999718
0.999687
0.999659
0.999637
0.999621
0.999609
0.999603
0.999602
0.999606
0.999614
0.999627
0.999644
0.999666
0.99969
0.999718
1.00101
1.00105
1.00104
1.00095
1.00072
1.00016
0.99982
0.999789
0.999773
0.999732
0.999696
0.999663
0.999635
0.999612
0.999595
0.999584
0.999578
0.999577
0.999581
0.999591
0.999605
0.999623
0.999646
0.999672
0.999701
1.00102
1.00106
1.00105
1.00097
1.00075
1.00018
0.999807
0.999763
0.99975
0.999709
0.999671
0.999638
0.999609
0.999586
0.999568
0.999556
0.99955
0.99955
0.999555
0.999566
0.999581
0.999601
0.999625
0.999652
0.999684
1.00103
1.00107
1.00106
1.00099
1.00079
1.0002
0.999792
0.999734
0.999724
0.999683
0.999644
0.99961
0.99958
0.999556
0.999539
0.999527
0.999521
0.999522
0.999528
0.999539
0.999555
0.999577
0.999602
0.999632
0.999665
1.00104
1.00108
1.00107
1.00101
1.00082
1.00023
0.999778
0.999701
0.999694
0.999654
0.999614
0.99958
0.999549
0.999525
0.999507
0.999496
0.99949
0.999491
0.999498
0.999511
0.999528
0.999551
0.999578
0.99961
0.999645
1.00105
1.00109
1.00108
1.00103
1.00085
1.00025
0.999764
0.999664
0.999659
0.999622
0.999582
0.999546
0.999516
0.999491
0.999473
0.999462
0.999457
0.999459
0.999467
0.999481
0.9995
0.999524
0.999553
0.999587
0.999624
1.00106
1.0011
1.0011
1.00104
1.00088
1.00028
0.999751
0.999625
0.999621
0.999587
0.999546
0.99951
0.999479
0.999455
0.999437
0.999426
0.999422
0.999425
0.999434
0.999449
0.999469
0.999495
0.999526
0.999562
0.999602
1.00107
1.00111
1.00111
1.00106
1.00091
1.00031
0.99974
0.999582
0.999578
0.999548
0.999507
0.999471
0.99944
0.999416
0.999398
0.999388
0.999385
0.999388
0.999398
0.999415
0.999437
0.999465
0.999498
0.999536
0.999578
1.00108
1.00112
1.00112
1.00107
1.00093
1.00034
0.99973
0.999536
0.999531
0.999505
0.999464
0.999429
0.999398
0.999374
0.999357
0.999347
0.999345
0.999349
0.999361
0.999379
0.999403
0.999433
0.999468
0.999508
0.999553
1.00108
1.00113
1.00113
1.00109
1.00096
1.00037
0.999723
0.999489
0.999478
0.999457
0.999418
0.999382
0.999352
0.999329
0.999312
0.999304
0.999302
0.999308
0.999321
0.999341
0.999367
0.999399
0.999437
0.999479
0.999527
1.00109
1.00114
1.00115
1.0011
1.00098
1.0004
0.999719
0.99944
0.999421
0.999405
0.999367
0.999333
0.999303
0.99928
0.999265
0.999257
0.999257
0.999265
0.999279
0.999301
0.999329
0.999364
0.999404
0.999449
0.999499
1.00109
1.00115
1.00116
1.00112
1.001
1.00043
0.999719
0.99939
0.999359
0.999348
0.999313
0.999279
0.999251
0.999229
0.999214
0.999208
0.999209
0.999218
0.999235
0.999259
0.999289
0.999326
0.999368
0.999417
0.999469
1.0011
1.00116
1.00118
1.00114
1.00103
1.00047
0.999724
0.999342
0.999292
0.999285
0.999254
0.999221
0.999194
0.999173
0.99916
0.999155
0.999158
0.999169
0.999188
0.999214
0.999247
0.999286
0.999332
0.999383
0.999439
1.00111
1.00117
1.0012
1.00117
1.00105
1.0005
0.999734
0.999297
0.999221
0.999217
0.99919
0.999159
0.999133
0.999114
0.999103
0.999099
0.999104
0.999117
0.999138
0.999167
0.999202
0.999244
0.999293
0.999347
0.999406
1.00111
1.00118
1.00122
1.0012
1.00108
1.00053
0.99975
0.999257
0.999147
0.999143
0.999122
0.999092
0.999068
0.999051
0.999042
0.99904
0.999047
0.999063
0.999086
0.999117
0.999155
0.9992
0.999252
0.999309
0.999372
1.00112
1.00119
1.00124
1.00123
1.00111
1.00057
0.999768
0.999221
0.99907
0.999063
0.999047
0.999021
0.998999
0.998984
0.998976
0.998977
0.998987
0.999005
0.99903
0.999064
0.999105
0.999154
0.999208
0.999269
0.999336
1.00113
1.0012
1.00126
1.00126
1.00114
1.0006
0.999788
0.999192
0.998991
0.998977
0.998966
0.998944
0.998925
0.998912
0.998907
0.998911
0.998923
0.998943
0.998972
0.999009
0.999053
0.999105
0.999163
0.999227
0.999298
1.00114
1.00122
1.00128
1.00129
1.00117
1.00063
0.999812
0.999171
0.998912
0.998885
0.998879
0.998862
0.998846
0.998836
0.998834
0.99884
0.998855
0.998879
0.99891
0.99895
0.998998
0.999053
0.999115
0.999183
0.999257
1.00116
1.00123
1.0013
1.00133
1.00121
1.00067
0.999839
0.999158
0.998834
0.998787
0.998786
0.998774
0.998761
0.998755
0.998756
0.998765
0.998783
0.99881
0.998846
0.998889
0.99894
0.998999
0.999065
0.999137
0.999215
1.00116
1.00124
1.00132
1.00136
1.00125
1.00071
0.999869
0.999153
0.998761
0.998686
0.998685
0.99868
0.998672
0.998668
0.998673
0.998686
0.998708
0.998738
0.998777
0.998824
0.998879
0.998942
0.999012
0.999088
0.999171
1.00117
1.00125
1.00134
1.0014
1.0013
1.00076
0.999904
0.999156
0.998696
0.998581
0.998578
0.998579
0.998576
0.998577
0.998586
0.998603
0.998628
0.998663
0.998705
0.998756
0.998815
0.998882
0.998956
0.999037
0.999124
1.00117
1.00125
1.00135
1.00143
1.00134
1.00081
0.999945
0.999167
0.99864
0.998473
0.998464
0.998471
0.998475
0.99848
0.998493
0.998515
0.998544
0.998583
0.99863
0.998685
0.998748
0.998819
0.998897
0.998983
0.999074
1.00116
1.00124
1.00136
1.00146
1.00138
1.00086
0.999992
0.999186
0.998597
0.998366
0.998344
0.998356
0.998367
0.998378
0.998396
0.998422
0.998456
0.998499
0.99855
0.99861
0.998677
0.998753
0.998836
0.998926
0.999022
1.00114
1.00123
1.00136
1.00148
1.00143
1.00092
1.00005
0.999214
0.998568
0.998263
0.99822
0.998234
0.998253
0.99827
0.998293
0.998324
0.998363
0.998411
0.998467
0.998531
0.998603
0.998683
0.998771
0.998866
0.998968
1.00111
1.00121
1.00136
1.0015
1.00146
1.00098
1.00011
0.999251
0.998553
0.998168
0.998091
0.998105
0.998131
0.998156
0.998185
0.998222
0.998266
0.998318
0.998379
0.998448
0.998525
0.99861
0.998703
0.998803
0.99891
1.00107
1.00117
1.00134
1.00151
1.0015
1.00104
1.00017
0.9993
0.998553
0.998086
0.99796
0.997969
0.998002
0.998036
0.998071
0.998114
0.998164
0.998222
0.998287
0.998361
0.998443
0.998533
0.998631
0.998736
0.998849
1.00101
1.00112
1.00131
1.00151
1.00153
1.0011
1.00025
0.999361
0.998569
0.998022
0.99783
0.997828
0.997866
0.997909
0.997952
0.998001
0.998057
0.99812
0.998191
0.998271
0.998358
0.998453
0.998556
0.998667
0.998784
1.00094
1.00106
1.00127
1.0015
1.00155
1.00116
1.00033
0.999435
0.998603
0.997979
0.997706
0.997683
0.997723
0.997776
0.997827
0.997883
0.997945
0.998014
0.998091
0.998176
0.998268
0.998369
0.998477
0.998593
0.998717
1.00086
1.00098
1.00121
1.00147
1.00156
1.00121
1.00043
0.999522
0.998658
0.99796
0.997597
0.997536
0.997574
0.997635
0.997696
0.997759
0.997828
0.997903
0.997986
0.998076
0.998174
0.99828
0.998394
0.998516
0.998645
1.00076
1.00089
1.00115
1.00143
1.00156
1.00126
1.00052
0.999624
0.998733
0.997967
0.997508
0.99739
0.997421
0.997488
0.997559
0.99763
0.997706
0.997788
0.997876
0.997972
0.998076
0.998187
0.998307
0.998434
0.99857
1.00065
1.00079
1.00107
1.00138
1.00154
1.00131
1.00062
0.99974
0.998833
0.998005
0.997448
0.997251
0.997264
0.997334
0.997415
0.997495
0.997578
0.997667
0.997762
0.997864
0.997973
0.99809
0.998215
0.998348
0.99849
1.00054
1.00069
1.00098
1.00132
1.00151
1.00134
1.00072
0.99987
0.998956
0.998076
0.997422
0.997128
0.997108
0.997175
0.997265
0.997355
0.997446
0.997541
0.997643
0.99775
0.997865
0.997988
0.998119
0.998258
0.998406
1.00042
1.00058
1.00088
1.00124
1.00147
1.00136
1.00082
1.00001
0.999102
0.998182
0.997435
0.997032
0.996955
0.997013
0.997109
0.997209
0.997308
0.997411
0.997518
0.997632
0.997753
0.997881
0.998018
0.998163
0.998317
1.00031
1.00048
1.00078
1.00115
1.00141
1.00136
1.0009
1.00016
0.999273
0.998327
0.997494
0.996974
0.996813
0.996851
0.996947
0.997057
0.997165
0.997275
0.997389
0.997509
0.997635
0.997769
0.997912
0.998063
0.998223
1.00021
1.00038
1.00069
1.00106
1.00134
1.00135
1.00098
1.00031
0.999464
0.99851
0.997603
0.996964
0.996695
0.996693
0.996783
0.996899
0.997017
0.997134
0.997254
0.99738
0.997512
0.997652
0.9978
0.997957
0.998123
1.00012
1.00029
1.0006
1.00097
1.00126
1.00132
1.00103
1.00046
0.99967
0.99873
0.997767
0.997011
0.996615
0.996544
0.996618
0.996736
0.996862
0.996988
0.997114
0.997246
0.997384
0.997529
0.997682
0.997845
0.998018
1.00005
1.00022
1.00052
1.00088
1.00118
1.00128
1.00107
1.00059
0.999882
0.998982
0.997986
0.997122
0.996588
0.996416
0.996457
0.996569
0.996702
0.996836
0.996969
0.997107
0.99725
0.9974
0.997559
0.997727
0.997906
0.999998
1.00016
1.00045
1.0008
1.00109
1.00122
1.00109
1.0007
1.00009
0.999257
0.998258
0.997304
0.996628
0.996326
0.996308
0.996403
0.996537
0.996678
0.996818
0.996961
0.997109
0.997265
0.997429
0.997603
0.997788
0.999974
1.00013
1.00041
1.00073
1.00102
1.00117
1.00109
1.00079
1.00028
0.999542
0.998577
0.997559
0.996746
0.996293
0.996179
0.996242
0.996369
0.996514
0.996661
0.996809
0.996963
0.997123
0.997292
0.997471
0.997662
0.999976
1.00012
1.00038
1.00068
1.00095
1.00111
1.00108
1.00086
1.00045
0.999822
0.99893
0.997885
0.996952
0.996337
0.99609
0.996094
0.996201
0.996345
0.996497
0.996651
0.996809
0.996974
0.997147
0.997331
0.997528
1.00001
1.00014
1.00038
1.00065
1.0009
1.00106
1.00107
1.00091
1.00059
1.00008
0.999295
0.998275
0.997248
0.996473
0.996064
0.995971
0.99604
0.996173
0.996328
0.996486
0.996648
0.996817
0.996995
0.997183
0.997385
1.00006
1.00018
1.00039
1.00064
1.00087
1.00103
1.00106
1.00094
1.00071
1.00031
0.999653
0.998708
0.997634
0.996712
0.996125
0.995893
0.995897
0.996004
0.996152
0.996314
0.996479
0.996652
0.996833
0.997026
0.997232
1.00014
1.00024
1.00043
1.00065
1.00086
1.00101
1.00105
1.00096
1.00079
1.00051
0.999986
0.999155
0.998098
0.997059
0.996294
0.995888
0.995785
0.995844
0.995975
0.996134
0.996302
0.996477
0.996662
0.996859
0.997069
1.00023
1.00032
1.00048
1.00068
1.00086
1.001
1.00105
1.00099
1.00085
1.00066
1.00028
0.999589
0.998609
0.997516
0.996583
0.995985
0.995729
0.995709
0.995803
0.995949
0.996116
0.996293
0.99648
0.99668
0.996895
1.00034
1.00042
1.00055
1.00072
1.00089
1.00102
1.00107
1.00102
1.00091
1.00077
1.00051
0.999986
0.999132
0.998058
0.997003
0.996209
0.995764
0.995617
0.995648
0.995765
0.995923
0.996099
0.996287
0.996489
0.996707
1.00046
1.00052
1.00064
1.00078
1.00093
1.00104
1.0011
1.00106
1.00096
1.00085
1.00069
1.00033
0.999634
0.998646
0.997543
0.996575
0.995924
0.995603
0.995531
0.995594
0.995727
0.995896
0.996082
0.996285
0.996505
1.00058
1.00063
1.00072
1.00085
1.00097
1.00108
1.00114
1.00111
1.00102
1.00092
1.00082
1.00059
1.00008
0.999237
0.998166
0.997089
0.996232
0.995707
0.995479
0.995454
0.995539
0.995686
0.995866
0.996067
0.996288
1.0007
1.00074
1.00082
1.00092
1.00103
1.00113
1.00119
1.00117
1.00108
1.00098
1.00092
1.00079
1.00045
0.999788
0.998827
0.997724
0.996708
0.995962
0.995537
0.995374
0.995379
0.995481
0.995641
0.995835
0.996054
1.00081
1.00085
1.00091
1.001
1.0011
1.00119
1.00125
1.00124
1.00115
1.00105
1.00098
1.00092
1.00072
1.00026
0.99947
0.998433
0.997337
0.996398
0.995749
0.995399
0.995277
0.995302
0.995419
0.995592
0.995804
1.00092
1.00095
1.001
1.00107
1.00116
1.00125
1.00131
1.00131
1.00123
1.00112
1.00104
1.001
1.00091
1.00062
1.00004
0.999153
0.998079
0.997017
0.996154
0.995579
0.995279
0.995183
0.995222
0.995352
0.995542
1.00102
1.00104
1.00109
1.00115
1.00123
1.00131
1.00137
1.00138
1.00131
1.0012
1.0011
1.00106
1.00102
1.00087
1.00049
0.999813
0.998862
0.99778
0.996763
0.995964
0.995442
0.995172
0.995091
0.99514
0.995283
1.00111
1.00113
1.00117
1.00122
1.00129
1.00137
1.00143
1.00144
1.00139
1.00128
1.00117
1.00111
1.00108
1.00101
1.00081
1.00035
0.999601
0.998616
0.997548
0.996575
0.995824
0.995333
0.995078
0.995003
0.995059
1.0012
1.00121
1.00124
1.00129
1.00135
1.00142
1.00148
1.0015
1.00146
1.00136
1.00124
1.00116
1.00111
1.00108
1.00099
1.00073
1.00022
0.999425
0.99843
0.997386
0.996451
0.995731
0.995254
0.995001
0.994927
1.00127
1.00128
1.00131
1.00136
1.00142
1.00148
1.00154
1.00156
1.00153
1.00144
1.00132
1.00121
1.00114
1.00111
1.00107
1.00096
1.00066
1.00011
0.999297
0.998314
0.997299
0.996394
0.995691
0.995215
0.994956
1.00134
1.00135
1.00138
1.00142
1.00148
1.00154
1.00159
1.00161
1.00158
1.0015
1.00139
1.00127
1.00118
1.00113
1.0011
1.00105
1.00092
1.0006
1.00003
0.999228
0.998274
0.997295
0.996416
0.995719
0.995233
1.00142
1.00143
1.00145
1.00149
1.00154
1.00159
1.00164
1.00165
1.00163
1.00156
1.00145
1.00133
1.00122
1.00115
1.0011
1.00107
1.00102
1.00088
1.00055
0.999992
0.999223
0.998316
0.997382
0.996532
0.99584
1.00149
1.0015
1.00152
1.00156
1.0016
1.00164
1.00168
1.00169
1.00166
1.0016
1.0015
1.00138
1.00127
1.00117
1.0011
1.00106
1.00103
1.00098
1.00083
1.00051
0.99999
0.999279
0.998441
0.997571
0.996762
1.00157
1.00157
1.00159
1.00162
1.00166
1.00169
1.00172
1.00172
1.00169
1.00163
1.00154
1.00143
1.00131
1.0012
1.00111
1.00105
1.00101
1.00097
1.00091
1.00077
1.00048
1.00001
0.999387
0.998645
0.997863
1.00165
1.00165
1.00167
1.00169
1.00171
1.00174
1.00175
1.00174
1.00171
1.00165
1.00157
1.00146
1.00135
1.00124
1.00114
1.00105
1.00098
1.00093
1.00089
1.00082
1.00068
1.00043
1.00004
0.999523
0.998906
1.00173
1.00173
1.00174
1.00175
1.00176
1.00177
1.00177
1.00175
1.00172
1.00166
1.00158
1.00149
1.00138
1.00127
1.00116
1.00106
1.00097
1.00089
1.00083
1.00077
1.00069
1.00055
1.00035
1.00004
0.999649
1.0018
1.0018
1.0018
1.0018
1.0018
1.0018
1.00179
1.00176
1.00172
1.00167
1.00159
1.0015
1.0014
1.00129
1.00118
1.00107
1.00097
1.00088
1.00079
1.0007
1.00062
1.00052
1.00039
1.00021
0.999994
1.00185
1.00185
1.00184
1.00184
1.00183
1.00182
1.0018
1.00177
1.00172
1.00167
1.00159
1.00151
1.00141
1.00131
1.0012
1.00109
1.00098
1.00087
1.00077
1.00066
1.00056
1.00044
1.00032
1.00019
1.00004
1.00189
1.00188
1.00187
1.00186
1.00185
1.00183
1.0018
1.00177
1.00172
1.00166
1.00159
1.00151
1.00141
1.00131
1.00121
1.0011
1.00099
1.00087
1.00076
1.00065
1.00053
1.0004
1.00027
1.00013
0.999994
1.0019
1.00189
1.00188
1.00187
1.00185
1.00183
1.00181
1.00177
1.00172
1.00166
1.00159
1.00151
1.00142
1.00132
1.00121
1.0011
1.00099
1.00088
1.00076
1.00064
1.00052
1.00039
1.00025
1.00011
0.999973
0.999701
0.999794
0.999883
0.99993
0.999986
1.00003
1.00007
1.00011
1.00015
1.0002
1.00024
1.00029
1.00034
1.00037
1.00041
1.00044
1.00047
1.00047
1.0005
1.00049
1.00053
1.00047
1.00056
1.00044
1.00058
0.999838
0.999845
0.999851
0.999864
0.99989
0.999914
0.999943
0.999973
1
1.00004
1.00007
1.0001
1.00012
1.00014
1.00016
1.00018
1.0002
1.00022
1.00023
1.00026
1.00026
1.00028
1.00028
1.00029
1.0003
0.999856
0.999902
0.999918
0.999928
0.999935
0.999945
0.999959
0.999972
0.999982
0.999987
0.999986
0.999984
0.999982
0.999984
0.999984
0.999994
0.99999
1.00001
0.999998
1.00003
0.999991
1.00005
0.99998
1.00007
0.999983
0.999877
0.999886
0.999914
0.999942
0.999965
0.999984
1
1.00001
1.00002
1.00003
1.00003
1.00003
1.00003
1.00003
1.00003
1.00003
1.00003
1.00003
1.00004
1.00003
1.00003
1.00004
1.00002
1.00005
1.00003
0.999915
0.999925
0.999934
0.999951
0.999971
0.99999
1.00001
1.00002
1.00003
1.00004
1.00005
1.00005
1.00006
1.00007
1.00007
1.00008
1.00008
1.00008
1.00009
1.00009
1.0001
1.0001
1.00009
1.0001
1.00009
0.999927
0.99994
0.999953
0.999965
0.999978
0.99999
1
1.00001
1.00002
1.00003
1.00004
1.00005
1.00006
1.00007
1.00007
1.00008
1.00009
1.00009
1.0001
1.0001
1.00011
1.00011
1.00011
1.00013
1.00011
0.999937
0.999949
0.999962
0.999973
0.999984
0.999993
1
1.00001
1.00002
1.00002
1.00003
1.00004
1.00005
1.00006
1.00007
1.00007
1.00008
1.00009
1.00009
1.0001
1.00011
1.00011
1.00011
1.00012
1.00011
0.999939
0.999951
0.999962
0.999974
0.999984
0.999994
1
1.00001
1.00002
1.00003
1.00004
1.00004
1.00005
1.00006
1.00007
1.00007
1.00008
1.00009
1.00009
1.0001
1.00011
1.00011
1.00011
1.00012
1.00011
0.999937
0.999948
0.999959
0.999971
0.999982
0.999992
1
1.00001
1.00002
1.00003
1.00004
1.00005
1.00006
1.00006
1.00007
1.00008
1.00009
1.00009
1.0001
1.00011
1.00011
1.00011
1.00012
1.00013
1.00012
0.999934
0.999945
0.999956
0.999967
0.999978
0.99999
1
1.00001
1.00002
1.00003
1.00004
1.00005
1.00006
1.00007
1.00008
1.00009
1.00009
1.0001
1.00011
1.00011
1.00012
1.00012
1.00013
1.00013
1.00013
0.99993
0.999941
0.999952
0.999963
0.999975
0.999987
0.999999
1.00001
1.00002
1.00003
1.00004
1.00005
1.00006
1.00007
1.00008
1.00009
1.0001
1.00011
1.00011
1.00012
1.00013
1.00013
1.00014
1.00014
1.00013
0.999927
0.999937
0.999949
0.999961
0.999973
0.999985
0.999998
1.00001
1.00002
1.00003
1.00005
1.00006
1.00007
1.00008
1.00009
1.0001
1.0001
1.00011
1.00012
1.00013
1.00013
1.00014
1.00014
1.00015
1.00014
0.999923
0.999934
0.999946
0.999958
0.999971
0.999984
0.999997
1.00001
1.00002
1.00004
1.00005
1.00006
1.00007
1.00008
1.00009
1.0001
1.00011
1.00012
1.00013
1.00013
1.00014
1.00014
1.00015
1.00015
1.00015
0.999919
0.999931
0.999943
0.999956
0.999969
0.999982
0.999996
1.00001
1.00002
1.00004
1.00005
1.00006
1.00007
1.00009
1.0001
1.00011
1.00012
1.00012
1.00013
1.00014
1.00015
1.00015
1.00016
1.00016
1.00016
0.999916
0.999928
0.999941
0.999954
0.999967
0.999981
0.999995
1.00001
1.00002
1.00004
1.00005
1.00007
1.00008
1.00009
1.0001
1.00011
1.00012
1.00013
1.00014
1.00015
1.00015
1.00016
1.00017
1.00017
1.00016
0.999912
0.999924
0.999938
0.999952
0.999966
0.99998
0.999995
1.00001
1.00002
1.00004
1.00005
1.00007
1.00008
1.00009
1.00011
1.00012
1.00013
1.00014
1.00015
1.00015
1.00016
1.00017
1.00017
1.00017
1.00017
0.999908
0.999921
0.999934
0.999949
0.999964
0.999979
0.999994
1.00001
1.00003
1.00004
1.00006
1.00007
1.00009
1.0001
1.00011
1.00012
1.00013
1.00015
1.00015
1.00016
1.00017
1.00018
1.00018
1.00018
1.00018
0.999903
0.999917
0.999931
0.999946
0.999962
0.999978
0.999994
1.00001
1.00003
1.00004
1.00006
1.00007
1.00009
1.0001
1.00012
1.00013
1.00014
1.00015
1.00016
1.00017
1.00018
1.00018
1.00019
1.00019
1.00019
0.999899
0.999912
0.999927
0.999943
0.99996
0.999977
0.999994
1.00001
1.00003
1.00005
1.00006
1.00008
1.00009
1.00011
1.00012
1.00014
1.00015
1.00016
1.00017
1.00018
1.00019
1.00019
1.0002
1.0002
1.0002
0.999894
0.999908
0.999924
0.99994
0.999958
0.999976
0.999994
1.00001
1.00003
1.00005
1.00006
1.00008
1.0001
1.00011
1.00013
1.00014
1.00016
1.00017
1.00018
1.00019
1.0002
1.0002
1.00021
1.00021
1.00021
0.999888
0.999903
0.99992
0.999937
0.999955
0.999974
0.999993
1.00001
1.00003
1.00005
1.00007
1.00009
1.0001
1.00012
1.00013
1.00015
1.00016
1.00018
1.00019
1.0002
1.00021
1.00021
1.00022
1.00022
1.00022
0.999883
0.999898
0.999915
0.999934
0.999953
0.999973
0.999993
1.00001
1.00003
1.00005
1.00007
1.00009
1.00011
1.00013
1.00014
1.00016
1.00017
1.00018
1.0002
1.00021
1.00022
1.00022
1.00023
1.00023
1.00023
0.999877
0.999893
0.999911
0.99993
0.99995
0.999971
0.999992
1.00001
1.00003
1.00006
1.00008
1.00009
1.00011
1.00013
1.00015
1.00017
1.00018
1.00019
1.00021
1.00022
1.00023
1.00023
1.00024
1.00024
1.00024
0.999871
0.999888
0.999906
0.999926
0.999948
0.999969
0.999992
1.00001
1.00004
1.00006
1.00008
1.0001
1.00012
1.00014
1.00016
1.00017
1.00019
1.0002
1.00022
1.00023
1.00024
1.00025
1.00025
1.00025
1.00025
0.999864
0.999882
0.999902
0.999922
0.999945
0.999967
0.999991
1.00001
1.00004
1.00006
1.00008
1.0001
1.00013
1.00015
1.00016
1.00018
1.0002
1.00021
1.00023
1.00024
1.00025
1.00026
1.00026
1.00026
1.00027
0.999857
0.999876
0.999896
0.999918
0.999941
0.999965
0.99999
1.00001
1.00004
1.00006
1.00009
1.00011
1.00013
1.00015
1.00017
1.00019
1.00021
1.00022
1.00024
1.00025
1.00026
1.00027
1.00028
1.00028
1.00028
0.999849
0.999869
0.99989
0.999913
0.999938
0.999963
0.999988
1.00001
1.00004
1.00007
1.00009
1.00011
1.00014
1.00016
1.00018
1.0002
1.00022
1.00023
1.00025
1.00026
1.00028
1.00028
1.00029
1.00029
1.00029
0.99984
0.999861
0.999884
0.999908
0.999934
0.99996
0.999987
1.00001
1.00004
1.00007
1.00009
1.00012
1.00014
1.00017
1.00019
1.00021
1.00023
1.00025
1.00026
1.00028
1.00029
1.0003
1.0003
1.00031
1.00031
0.999831
0.999854
0.999878
0.999903
0.99993
0.999958
0.999986
1.00001
1.00004
1.00007
1.0001
1.00013
1.00015
1.00018
1.0002
1.00022
1.00024
1.00026
1.00028
1.00029
1.0003
1.00031
1.00032
1.00032
1.00032
0.999822
0.999845
0.999871
0.999897
0.999926
0.999955
0.999984
1.00001
1.00004
1.00007
1.0001
1.00013
1.00016
1.00019
1.00021
1.00023
1.00025
1.00027
1.00029
1.00031
1.00032
1.00033
1.00033
1.00034
1.00034
0.999811
0.999836
0.999863
0.999891
0.999921
0.999952
0.999983
1.00001
1.00005
1.00008
1.00011
1.00014
1.00017
1.00019
1.00022
1.00024
1.00027
1.00029
1.0003
1.00032
1.00033
1.00034
1.00035
1.00035
1.00036
0.9998
0.999827
0.999855
0.999885
0.999916
0.999948
0.999981
1.00001
1.00005
1.00008
1.00011
1.00014
1.00017
1.0002
1.00023
1.00026
1.00028
1.0003
1.00032
1.00034
1.00035
1.00036
1.00037
1.00037
1.00037
0.999788
0.999816
0.999846
0.999878
0.999911
0.999945
0.99998
1.00001
1.00005
1.00008
1.00012
1.00015
1.00018
1.00021
1.00024
1.00027
1.00029
1.00031
1.00034
1.00035
1.00037
1.00038
1.00039
1.00039
1.00039
0.999776
0.999806
0.999837
0.999871
0.999905
0.999941
0.999978
1.00001
1.00005
1.00009
1.00012
1.00016
1.00019
1.00022
1.00025
1.00028
1.00031
1.00033
1.00035
1.00037
1.00039
1.0004
1.0004
1.00041
1.00041
0.999763
0.999794
0.999828
0.999863
0.9999
0.999937
0.999976
1.00001
1.00005
1.00009
1.00013
1.00017
1.0002
1.00023
1.00027
1.00029
1.00032
1.00035
1.00037
1.00039
1.0004
1.00042
1.00042
1.00043
1.00043
0.999749
0.999782
0.999817
0.999855
0.999893
0.999933
0.999973
1.00001
1.00005
1.0001
1.00013
1.00017
1.00021
1.00024
1.00028
1.00031
1.00034
1.00036
1.00039
1.00041
1.00042
1.00044
1.00045
1.00045
1.00046
0.999734
0.999769
0.999806
0.999846
0.999887
0.999928
0.999971
1.00001
1.00006
1.0001
1.00014
1.00018
1.00022
1.00026
1.00029
1.00032
1.00035
1.00038
1.00041
1.00043
1.00044
1.00046
1.00047
1.00047
1.00048
0.999718
0.999755
0.999795
0.999836
0.999879
0.999923
0.999968
1.00001
1.00006
1.0001
1.00015
1.00019
1.00023
1.00027
1.00031
1.00034
1.00037
1.0004
1.00043
1.00045
1.00047
1.00048
1.00049
1.0005
1.0005
0.999701
0.999741
0.999783
0.999826
0.999872
0.999918
0.999965
1.00001
1.00006
1.00011
1.00015
1.0002
1.00024
1.00028
1.00032
1.00036
1.00039
1.00042
1.00045
1.00047
1.00049
1.0005
1.00051
1.00052
1.00053
0.999684
0.999725
0.999769
0.999816
0.999863
0.999912
0.999962
1.00001
1.00006
1.00011
1.00016
1.00021
1.00025
1.0003
1.00034
1.00037
1.00041
1.00044
1.00047
1.00049
1.00051
1.00053
1.00054
1.00055
1.00055
0.999665
0.999709
0.999755
0.999804
0.999855
0.999906
0.999959
1.00001
1.00006
1.00012
1.00017
1.00022
1.00026
1.00031
1.00035
1.00039
1.00043
1.00046
1.00049
1.00052
1.00054
1.00056
1.00057
1.00058
1.00058
0.999645
0.999691
0.999741
0.999792
0.999845
0.9999
0.999955
1.00001
1.00007
1.00012
1.00017
1.00023
1.00028
1.00032
1.00037
1.00041
1.00045
1.00049
1.00052
1.00054
1.00057
1.00058
1.0006
1.00061
1.00061
0.999624
0.999673
0.999725
0.999779
0.999835
0.999893
0.999951
1.00001
1.00007
1.00013
1.00018
1.00024
1.00029
1.00034
1.00039
1.00043
1.00047
1.00051
1.00054
1.00057
1.00059
1.00061
1.00063
1.00064
1.00064
0.999601
0.999653
0.999708
0.999765
0.999824
0.999885
0.999946
1.00001
1.00007
1.00013
1.00019
1.00025
1.0003
1.00036
1.00041
1.00045
1.0005
1.00054
1.00057
1.0006
1.00062
1.00064
1.00066
1.00067
1.00067
0.999578
0.999633
0.999691
0.999751
0.999813
0.999877
0.999942
1.00001
1.00007
1.00014
1.0002
1.00026
1.00032
1.00037
1.00043
1.00048
1.00052
1.00056
1.0006
1.00063
1.00065
1.00068
1.00069
1.0007
1.00071
0.999553
0.999611
0.999672
0.999736
0.999801
0.999868
0.999937
1
1.00007
1.00014
1.00021
1.00027
1.00033
1.00039
1.00045
1.0005
1.00055
1.00059
1.00063
1.00066
1.00069
1.00071
1.00073
1.00074
1.00074
0.999527
0.999588
0.999652
0.999719
0.999789
0.999859
0.999931
1
1.00008
1.00015
1.00022
1.00028
1.00035
1.00041
1.00047
1.00052
1.00057
1.00062
1.00066
1.00069
1.00072
1.00074
1.00076
1.00077
1.00078
0.999499
0.999564
0.999632
0.999702
0.999775
0.99985
0.999925
1
1.00008
1.00015
1.00023
1.0003
1.00036
1.00043
1.00049
1.00055
1.0006
1.00065
1.00069
1.00073
1.00076
1.00078
1.0008
1.00081
1.00082
0.99947
0.999538
0.99961
0.999684
0.999761
0.99984
0.999919
0.999999
1.00008
1.00016
1.00023
1.00031
1.00038
1.00045
1.00052
1.00058
1.00063
1.00068
1.00073
1.00076
1.0008
1.00082
1.00084
1.00086
1.00086
0.999439
0.999511
0.999587
0.999665
0.999746
0.999829
0.999912
0.999997
1.00008
1.00016
1.00024
1.00032
1.0004
1.00047
1.00054
1.0006
1.00066
1.00072
1.00076
1.0008
1.00084
1.00086
1.00088
1.0009
1.00091
0.999407
0.999483
0.999562
0.999645
0.99973
0.999817
0.999905
0.999994
1.00008
1.00017
1.00025
1.00034
1.00042
1.00049
1.00057
1.00063
1.00069
1.00075
1.0008
1.00084
1.00088
1.00091
1.00093
1.00094
1.00095
0.999373
0.999453
0.999536
0.999623
0.999713
0.999805
0.999897
0.999991
1.00008
1.00018
1.00027
1.00035
1.00044
1.00052
1.00059
1.00066
1.00073
1.00079
1.00084
1.00088
1.00092
1.00095
1.00098
1.00099
1.001
0.999337
0.999421
0.999509
0.999601
0.999695
0.999791
0.999889
0.999987
1.00008
1.00018
1.00028
1.00037
1.00046
1.00054
1.00062
1.0007
1.00076
1.00083
1.00088
1.00093
1.00097
1.001
1.00103
1.00104
1.00105
0.999299
0.999388
0.99948
0.999577
0.999676
0.999777
0.99988
0.999983
1.00009
1.00019
1.00029
1.00038
1.00048
1.00057
1.00065
1.00073
1.0008
1.00087
1.00092
1.00098
1.00102
1.00105
1.00108
1.0011
1.00111
0.999259
0.999352
0.99945
0.999551
0.999655
0.999762
0.99987
0.999978
1.00009
1.00019
1.0003
1.0004
1.0005
1.00059
1.00068
1.00076
1.00084
1.00091
1.00097
1.00102
1.00107
1.00111
1.00113
1.00115
1.00116
0.999217
0.999315
0.999417
0.999524
0.999634
0.999746
0.999859
0.999973
1.00009
1.0002
1.00031
1.00042
1.00052
1.00062
1.00071
1.0008
1.00088
1.00095
1.00102
1.00108
1.00112
1.00116
1.00119
1.00121
1.00122
0.999172
0.999275
0.999383
0.999495
0.99961
0.999728
0.999847
0.999967
1.00009
1.00021
1.00032
1.00044
1.00054
1.00065
1.00075
1.00084
1.00092
1.001
1.00107
1.00113
1.00118
1.00122
1.00125
1.00127
1.00128
0.999125
0.999234
0.999347
0.999464
0.999585
0.999709
0.999834
0.99996
1.00009
1.00021
1.00033
1.00045
1.00057
1.00068
1.00078
1.00088
1.00097
1.00105
1.00112
1.00119
1.00124
1.00128
1.00132
1.00134
1.00135
0.999076
0.999189
0.999308
0.999432
0.999559
0.999689
0.99982
0.999953
1.00009
1.00022
1.00035
1.00047
1.00059
1.00071
1.00082
1.00092
1.00102
1.0011
1.00118
1.00125
1.0013
1.00135
1.00138
1.00141
1.00142
0.999023
0.999143
0.999268
0.999397
0.99953
0.999667
0.999805
0.999944
1.00008
1.00022
1.00036
1.00049
1.00062
1.00074
1.00086
1.00097
1.00107
1.00116
1.00124
1.00131
1.00137
1.00142
1.00145
1.00148
1.00149
0.998968
0.999093
0.999224
0.99936
0.9995
0.999643
0.999788
0.999935
1.00008
1.00023
1.00037
1.00051
1.00064
1.00077
1.0009
1.00101
1.00112
1.00121
1.0013
1.00137
1.00144
1.00149
1.00153
1.00156
1.00157
0.998909
0.999041
0.999178
0.99932
0.999467
0.999617
0.99977
0.999924
1.00008
1.00023
1.00038
1.00053
1.00067
1.00081
1.00094
1.00106
1.00117
1.00127
1.00136
1.00144
1.00151
1.00157
1.00161
1.00163
1.00165
0.998848
0.998985
0.999129
0.999278
0.999432
0.99959
0.99975
0.999912
1.00007
1.00023
1.00039
1.00055
1.0007
1.00084
1.00098
1.00111
1.00123
1.00133
1.00143
1.00152
1.00159
1.00165
1.00169
1.00172
1.00173
0.998782
0.998926
0.999077
0.999233
0.999394
0.999559
0.999728
0.999898
1.00007
1.00024
1.00041
1.00057
1.00073
1.00088
1.00102
1.00116
1.00129
1.0014
1.0015
1.00159
1.00167
1.00173
1.00178
1.00181
1.00182
0.998713
0.998863
0.999021
0.999185
0.999353
0.999527
0.999703
0.999882
1.00006
1.00024
1.00042
1.00059
1.00076
1.00092
1.00107
1.00121
1.00135
1.00147
1.00158
1.00167
1.00175
1.00182
1.00187
1.0019
1.00192
0.99864
0.998797
0.998962
0.999133
0.99931
0.999491
0.999677
0.999864
1.00005
1.00024
1.00043
1.00061
1.00079
1.00096
1.00112
1.00127
1.00141
1.00154
1.00165
1.00176
1.00184
1.00191
1.00196
1.002
1.00201
0.998562
0.998726
0.998898
0.999077
0.999262
0.999453
0.999647
0.999844
1.00004
1.00024
1.00044
1.00063
1.00082
1.001
1.00117
1.00133
1.00148
1.00161
1.00174
1.00184
1.00193
1.00201
1.00206
1.0021
1.00212
0.99848
0.998651
0.99883
0.999017
0.999211
0.999411
0.999615
0.999822
1.00003
1.00024
1.00045
1.00065
1.00085
1.00104
1.00122
1.00139
1.00155
1.00169
1.00182
1.00193
1.00203
1.00211
1.00217
1.00221
1.00223
0.998392
0.998571
0.998758
0.998953
0.999156
0.999365
0.999579
0.999796
1.00002
1.00024
1.00045
1.00067
1.00088
1.00108
1.00127
1.00145
1.00162
1.00177
1.00191
1.00203
1.00213
1.00222
1.00228
1.00232
1.00234
0.998299
0.998485
0.99868
0.998884
0.999096
0.999315
0.999539
0.999768
0.999999
1.00023
1.00046
1.00069
1.00091
1.00112
1.00132
1.00152
1.00169
1.00186
1.002
1.00213
1.00224
1.00233
1.0024
1.00244
1.00246
0.998201
0.998394
0.998597
0.99881
0.999031
0.99926
0.999495
0.999735
0.999978
1.00022
1.00046
1.0007
1.00094
1.00116
1.00138
1.00158
1.00177
1.00195
1.0021
1.00224
1.00235
1.00245
1.00252
1.00257
1.00259
0.998096
0.998296
0.998507
0.998729
0.99896
0.9992
0.999446
0.999699
0.999954
1.00021
1.00047
1.00072
1.00097
1.00121
1.00144
1.00165
1.00185
1.00204
1.0022
1.00235
1.00247
1.00257
1.00265
1.0027
1.00272
0.997984
0.998192
0.998411
0.998642
0.998883
0.999134
0.999392
0.999657
0.999926
1.0002
1.00047
1.00073
1.001
1.00125
1.00149
1.00172
1.00194
1.00213
1.00231
1.00246
1.00259
1.0027
1.00278
1.00283
1.00286
0.997864
0.998079
0.998307
0.998547
0.998799
0.999061
0.999332
0.99961
0.999893
1.00018
1.00046
1.00075
1.00102
1.00129
1.00155
1.00179
1.00202
1.00223
1.00242
1.00258
1.00272
1.00283
1.00292
1.00298
1.00301
0.997737
0.997959
0.998195
0.998445
0.998707
0.998981
0.999265
0.999557
0.999854
1.00016
1.00046
1.00076
1.00105
1.00134
1.00161
1.00187
1.00211
1.00233
1.00253
1.00271
1.00286
1.00298
1.00307
1.00313
1.00316
0.9976
0.997829
0.998074
0.998333
0.998606
0.998892
0.99919
0.999496
0.99981
1.00013
1.00045
1.00076
1.00107
1.00138
1.00167
1.00194
1.0022
1.00244
1.00265
1.00284
1.003
1.00312
1.00322
1.00329
1.00332
0.997453
0.99769
0.997943
0.998212
0.998496
0.998795
0.999106
0.999428
0.999758
1.00009
1.00043
1.00076
1.00109
1.00142
1.00173
1.00202
1.00229
1.00255
1.00277
1.00297
1.00314
1.00328
1.00338
1.00346
1.00349
0.997296
0.997539
0.9978
0.998079
0.998375
0.998686
0.999012
0.99935
0.999697
1.00005
1.00041
1.00076
1.00111
1.00145
1.00178
1.0021
1.00239
1.00266
1.0029
1.00311
1.00329
1.00344
1.00355
1.00363
1.00367
0.997126
0.997376
0.997645
0.997934
0.998241
0.998566
0.998907
0.999262
0.999627
1
1.00038
1.00075
1.00113
1.00149
1.00184
1.00217
1.00248
1.00277
1.00303
1.00326
1.00345
1.00361
1.00373
1.00381
1.00385
0.996943
0.997199
0.997476
0.997774
0.998094
0.998432
0.998789
0.999162
0.999546
0.99994
1.00034
1.00074
1.00113
1.00152
1.00189
1.00225
1.00258
1.00289
1.00316
1.00341
1.00362
1.00378
1.00391
1.004
1.00404
0.996745
0.997007
0.997291
0.997599
0.99793
0.998283
0.998657
0.999048
0.999453
0.999868
1.00029
1.00071
1.00113
1.00154
1.00194
1.00232
1.00268
1.003
1.0033
1.00356
1.00378
1.00397
1.0041
1.0042
1.00424
0.996531
0.996797
0.997089
0.997406
0.997749
0.998117
0.998507
0.998918
0.999344
0.999783
1.00023
1.00068
1.00113
1.00156
1.00199
1.00239
1.00277
1.00312
1.00344
1.00372
1.00396
1.00415
1.0043
1.0044
1.00445
0.996298
0.996568
0.996866
0.997193
0.997548
0.997931
0.998339
0.998769
0.999219
0.999682
1.00016
1.00063
1.00111
1.00157
1.00203
1.00246
1.00287
1.00324
1.00358
1.00388
1.00414
1.00435
1.00451
1.00461
1.00467
0.996046
0.996318
0.996622
0.996957
0.997324
0.997722
0.998148
0.9986
0.999073
0.999563
1.00006
1.00057
1.00108
1.00157
1.00206
1.00252
1.00296
1.00336
1.00372
1.00405
1.00432
1.00455
1.00472
1.00483
1.00489
0.995775
0.996046
0.996352
0.996695
0.997073
0.997486
0.997931
0.998405
0.998904
0.999422
0.999954
1.00049
1.00103
1.00156
1.00208
1.00257
1.00304
1.00347
1.00387
1.00421
1.00451
1.00475
1.00493
1.00506
1.00512
0.995492
0.995753
0.996058
0.996405
0.996793
0.997221
0.997685
0.998183
0.998708
0.999256
0.99982
1.00039
1.00097
1.00153
1.00209
1.00262
1.00312
1.00358
1.004
1.00438
1.00469
1.00495
1.00515
1.00529
1.00535
0.995216
0.995449
0.995742
0.996088
0.996483
0.996923
0.997406
0.997927
0.99848
0.99906
0.999659
1.00027
1.00088
1.00149
1.00208
1.00265
1.00319
1.00369
1.00414
1.00454
1.00488
1.00516
1.00537
1.00552
1.00559
0.994987
0.99516
0.995421
0.995752
0.996144
0.996593
0.997091
0.997635
0.998217
0.998829
0.999464
1.00011
1.00077
1.00142
1.00205
1.00266
1.00324
1.00378
1.00426
1.0047
1.00506
1.00537
1.0056
1.00575
1.00583
0.994875
0.994939
0.995131
0.995421
0.995793
0.996237
0.996745
0.997306
0.997914
0.998559
0.999232
0.999923
1.00062
1.00132
1.002
1.00265
1.00327
1.00385
1.00438
1.00484
1.00524
1.00557
1.00581
1.00598
1.00606
0.99496
0.99487
0.994937
0.995149
0.995469
0.995886
0.996384
0.996953
0.997579
0.998253
0.998962
0.999694
1.00044
1.00118
1.00191
1.00261
1.00328
1.0039
1.00447
1.00497
1.0054
1.00575
1.00602
1.0062
1.00629
0.995343
0.995053
0.994948
0.995021
0.99525
0.995599
0.996059
0.99661
0.997238
0.997927
0.998663
0.999432
1.00022
1.00101
1.00179
1.00254
1.00326
1.00393
1.00454
1.00508
1.00555
1.00593
1.00622
1.00641
1.00651
0.996087
0.995587
0.995284
0.995172
0.995246
0.995484
0.995859
0.996355
0.996952
0.997631
0.998374
0.999164
0.999983
1.00081
1.00164
1.00244
1.00321
1.00392
1.00458
1.00516
1.00566
1.00607
1.00638
1.00659
1.0067
0.997122
0.99649
0.996008
0.995709
0.995604
0.995677
0.995921
0.996314
0.996836
0.997465
0.998179
0.998959
0.999785
1.00064
1.00149
1.00233
1.00313
1.00389
1.00458
1.0052
1.00574
1.00617
1.00651
1.00673
1.00685
0.998247
0.997613
0.997061
0.99664
0.996378
0.996289
0.996376
0.996629
0.997034
0.997569
0.99821
0.998936
0.999726
1.00056
1.00141
1.00226
1.00308
1.00386
1.00457
1.00522
1.00577
1.00623
1.00658
1.00682
1.00694
0.999183
0.998686
0.998203
0.997784
0.997467
0.997284
0.99725
0.997372
0.997647
0.998061
0.998597
0.999234
0.999941
1.00071
1.00151
1.00232
1.00312
1.00388
1.00459
1.00523
1.00579
1.00625
1.0066
1.00684
1.00696
0.999725
0.999421
0.999107
0.998813
0.998571
0.998411
0.998357
0.998422
0.998611
0.998923
0.999354
0.99989
1.0005
1.00116
1.00187
1.0026
1.00333
1.00403
1.00469
1.00529
1.00581
1.00625
1.00658
1.00681
1.00692
0.999885
0.999724
0.99957
0.999434
0.999335
0.999291
0.999317
0.999426
0.999623
0.999911
1.00029
1.00075
1.00127
1.00184
1.00246
1.00308
1.00371
1.00432
1.0049
1.00542
1.00588
1.00626
1.00655
1.00675
1.00686
0.999867
0.999757
0.999676
0.999633
0.999639
0.999701
0.999827
1.00002
1.00028
1.00061
1.00101
1.00145
1.00195
1.00247
1.00302
1.00357
1.00412
1.00464
1.00513
1.00558
1.00597
1.00629
1.00654
1.00671
1.00679
0.999847
0.999743
0.999674
0.999651
0.999684
0.999781
0.999946
1.00018
1.00048
1.00085
1.00127
1.00173
1.00223
1.00275
1.00328
1.00381
1.00432
1.00481
1.00526
1.00567
1.00602
1.00631
1.00653
1.00668
1.00676
)
;

boundaryField
{
    back
    {
        type            empty;
    }
    cylinder
    {
        type            calculated;
        value           nonuniform List<scalar> 
100
(
1.00676
1.00668
1.00653
1.0063
1.00601
1.00566
1.00525
1.0048
1.00431
1.0038
1.00327
1.00274
1.00222
1.00172
1.00125
1.00084
1.00047
1.00017
0.999932
0.999766
0.999669
0.999635
0.999657
0.999726
0.999829
0.999954
1.00009
1.00023
1.00037
1.0005
1.00062
1.00074
1.00086
1.00098
1.00109
1.00121
1.00132
1.00142
1.00152
1.00161
1.00169
1.00176
1.00181
1.00185
1.00188
1.0019
1.00191
1.00191
1.00191
1.0019
1.0019
1.00189
1.00188
1.00187
1.00185
1.00183
1.00181
1.00177
1.00172
1.00166
1.00159
1.00151
1.00142
1.00132
1.00121
1.0011
1.00099
1.00088
1.00076
1.00064
1.00052
1.00039
1.00025
1.00011
0.999973
0.999847
0.999743
0.999674
0.999651
0.999684
0.999781
0.999946
1.00018
1.00048
1.00085
1.00127
1.00173
1.00223
1.00275
1.00328
1.00381
1.00432
1.00481
1.00526
1.00567
1.00602
1.00631
1.00653
1.00668
1.00676
)
;
    }
    front
    {
        type            empty;
    }
    inlet
    {
        type            calculated;
        value           uniform 1;
    }
    outlet
    {
        type            calculated;
        value           nonuniform List<scalar> 
50
(
0.999702
0.99976
0.999802
0.999821
0.999833
0.999845
0.999855
0.999862
0.999869
0.999875
0.999879
0.99988
0.999876
0.99987
0.999865
0.999861
0.999859
0.999855
0.999852
0.999852
0.999814
0.999867
1.0005
1.0013
1.00087
1.00088
1.0013
1.00052
0.999886
0.99983
0.999868
0.999868
0.999871
0.999875
0.999879
0.999884
0.99989
0.999895
0.999896
0.999895
0.999892
0.999887
0.999879
0.99987
0.999862
0.99985
0.999831
0.999795
0.999744
0.999688
)
;
    }
}


// ************************************************************************* //
