/*--------------------------------*- C++ -*----------------------------------*\
  =========                 |
  \\      /  F ield         | OpenFOAM: The Open Source CFD Toolbox
   \\    /   O peration     | Website:  https://openfoam.org
    \\  /    A nd           | Version:  7
     \\/     M anipulation  |
\*---------------------------------------------------------------------------*/
FoamFile
{
    version     2.0;
    format      ascii;
    class       labelList;
    note        "nPoints:20000  nCells:9900  nFaces:39700  nInternalFaces:19700";
    location    "constant/polyMesh";
    object      neighbour;
}
// * * * * * * * * * * * * * * * * * * * * * * * * * * * * * * * * * * * * * //


19700
(
1
25
7449
2
26
3
27
4
28
5
29
6
30
7
31
8
32
9
33
10
34
11
35
12
36
13
37
14
38
15
39
16
40
17
41
18
42
19
43
20
44
21
45
22
46
23
47
24
48
49
2475
26
50
7474
27
51
28
52
29
53
30
54
31
55
32
56
33
57
34
58
35
59
36
60
37
61
38
62
39
63
40
64
41
65
42
66
43
67
44
68
45
69
46
70
47
71
48
72
49
73
74
2500
51
75
7499
52
76
53
77
54
78
55
79
56
80
57
81
58
82
59
83
60
84
61
85
62
86
63
87
64
88
65
89
66
90
67
91
68
92
69
93
70
94
71
95
72
96
73
97
74
98
99
2525
76
100
7524
77
101
78
102
79
103
80
104
81
105
82
106
83
107
84
108
85
109
86
110
87
111
88
112
89
113
90
114
91
115
92
116
93
117
94
118
95
119
96
120
97
121
98
122
99
123
124
2550
101
125
7549
102
126
103
127
104
128
105
129
106
130
107
131
108
132
109
133
110
134
111
135
112
136
113
137
114
138
115
139
116
140
117
141
118
142
119
143
120
144
121
145
122
146
123
147
124
148
149
2575
126
150
7574
127
151
128
152
129
153
130
154
131
155
132
156
133
157
134
158
135
159
136
160
137
161
138
162
139
163
140
164
141
165
142
166
143
167
144
168
145
169
146
170
147
171
148
172
149
173
174
2600
151
175
7599
152
176
153
177
154
178
155
179
156
180
157
181
158
182
159
183
160
184
161
185
162
186
163
187
164
188
165
189
166
190
167
191
168
192
169
193
170
194
171
195
172
196
173
197
174
198
199
2625
176
200
7624
177
201
178
202
179
203
180
204
181
205
182
206
183
207
184
208
185
209
186
210
187
211
188
212
189
213
190
214
191
215
192
216
193
217
194
218
195
219
196
220
197
221
198
222
199
223
224
2650
201
225
7649
202
226
203
227
204
228
205
229
206
230
207
231
208
232
209
233
210
234
211
235
212
236
213
237
214
238
215
239
216
240
217
241
218
242
219
243
220
244
221
245
222
246
223
247
224
248
249
2675
226
250
7674
227
251
228
252
229
253
230
254
231
255
232
256
233
257
234
258
235
259
236
260
237
261
238
262
239
263
240
264
241
265
242
266
243
267
244
268
245
269
246
270
247
271
248
272
249
273
274
2700
251
275
7699
252
276
253
277
254
278
255
279
256
280
257
281
258
282
259
283
260
284
261
285
262
286
263
287
264
288
265
289
266
290
267
291
268
292
269
293
270
294
271
295
272
296
273
297
274
298
299
2725
276
300
7724
277
301
278
302
279
303
280
304
281
305
282
306
283
307
284
308
285
309
286
310
287
311
288
312
289
313
290
314
291
315
292
316
293
317
294
318
295
319
296
320
297
321
298
322
299
323
324
2750
301
325
7749
302
326
303
327
304
328
305
329
306
330
307
331
308
332
309
333
310
334
311
335
312
336
313
337
314
338
315
339
316
340
317
341
318
342
319
343
320
344
321
345
322
346
323
347
324
348
349
2775
326
350
7774
327
351
328
352
329
353
330
354
331
355
332
356
333
357
334
358
335
359
336
360
337
361
338
362
339
363
340
364
341
365
342
366
343
367
344
368
345
369
346
370
347
371
348
372
349
373
374
2800
351
375
7799
352
376
353
377
354
378
355
379
356
380
357
381
358
382
359
383
360
384
361
385
362
386
363
387
364
388
365
389
366
390
367
391
368
392
369
393
370
394
371
395
372
396
373
397
374
398
399
2825
376
400
7824
377
401
378
402
379
403
380
404
381
405
382
406
383
407
384
408
385
409
386
410
387
411
388
412
389
413
390
414
391
415
392
416
393
417
394
418
395
419
396
420
397
421
398
422
399
423
424
2850
401
425
7849
402
426
403
427
404
428
405
429
406
430
407
431
408
432
409
433
410
434
411
435
412
436
413
437
414
438
415
439
416
440
417
441
418
442
419
443
420
444
421
445
422
446
423
447
424
448
449
2875
426
450
7874
427
451
428
452
429
453
430
454
431
455
432
456
433
457
434
458
435
459
436
460
437
461
438
462
439
463
440
464
441
465
442
466
443
467
444
468
445
469
446
470
447
471
448
472
449
473
474
2900
451
475
7899
452
476
453
477
454
478
455
479
456
480
457
481
458
482
459
483
460
484
461
485
462
486
463
487
464
488
465
489
466
490
467
491
468
492
469
493
470
494
471
495
472
496
473
497
474
498
499
2925
476
500
7924
477
501
478
502
479
503
480
504
481
505
482
506
483
507
484
508
485
509
486
510
487
511
488
512
489
513
490
514
491
515
492
516
493
517
494
518
495
519
496
520
497
521
498
522
499
523
524
2950
501
525
7949
502
526
503
527
504
528
505
529
506
530
507
531
508
532
509
533
510
534
511
535
512
536
513
537
514
538
515
539
516
540
517
541
518
542
519
543
520
544
521
545
522
546
523
547
524
548
549
2975
526
550
7974
527
551
528
552
529
553
530
554
531
555
532
556
533
557
534
558
535
559
536
560
537
561
538
562
539
563
540
564
541
565
542
566
543
567
544
568
545
569
546
570
547
571
548
572
549
573
574
3000
551
575
7999
552
576
553
577
554
578
555
579
556
580
557
581
558
582
559
583
560
584
561
585
562
586
563
587
564
588
565
589
566
590
567
591
568
592
569
593
570
594
571
595
572
596
573
597
574
598
599
3025
576
600
8024
577
601
578
602
579
603
580
604
581
605
582
606
583
607
584
608
585
609
586
610
587
611
588
612
589
613
590
614
591
615
592
616
593
617
594
618
595
619
596
620
597
621
598
622
599
623
624
3050
601
625
8049
602
626
603
627
604
628
605
629
606
630
607
631
608
632
609
633
610
634
611
635
612
636
613
637
614
638
615
639
616
640
617
641
618
642
619
643
620
644
621
645
622
646
623
647
624
648
649
3075
626
650
8074
627
651
628
652
629
653
630
654
631
655
632
656
633
657
634
658
635
659
636
660
637
661
638
662
639
663
640
664
641
665
642
666
643
667
644
668
645
669
646
670
647
671
648
672
649
673
674
3100
651
675
8099
652
676
653
677
654
678
655
679
656
680
657
681
658
682
659
683
660
684
661
685
662
686
663
687
664
688
665
689
666
690
667
691
668
692
669
693
670
694
671
695
672
696
673
697
674
698
699
3125
676
700
8124
677
701
678
702
679
703
680
704
681
705
682
706
683
707
684
708
685
709
686
710
687
711
688
712
689
713
690
714
691
715
692
716
693
717
694
718
695
719
696
720
697
721
698
722
699
723
724
3150
701
725
8149
702
726
703
727
704
728
705
729
706
730
707
731
708
732
709
733
710
734
711
735
712
736
713
737
714
738
715
739
716
740
717
741
718
742
719
743
720
744
721
745
722
746
723
747
724
748
749
3175
726
750
8174
727
751
728
752
729
753
730
754
731
755
732
756
733
757
734
758
735
759
736
760
737
761
738
762
739
763
740
764
741
765
742
766
743
767
744
768
745
769
746
770
747
771
748
772
749
773
774
3200
751
775
8199
752
776
753
777
754
778
755
779
756
780
757
781
758
782
759
783
760
784
761
785
762
786
763
787
764
788
765
789
766
790
767
791
768
792
769
793
770
794
771
795
772
796
773
797
774
798
799
3225
776
800
8224
777
801
778
802
779
803
780
804
781
805
782
806
783
807
784
808
785
809
786
810
787
811
788
812
789
813
790
814
791
815
792
816
793
817
794
818
795
819
796
820
797
821
798
822
799
823
824
3250
801
825
8249
802
826
803
827
804
828
805
829
806
830
807
831
808
832
809
833
810
834
811
835
812
836
813
837
814
838
815
839
816
840
817
841
818
842
819
843
820
844
821
845
822
846
823
847
824
848
849
3275
826
850
8274
827
851
828
852
829
853
830
854
831
855
832
856
833
857
834
858
835
859
836
860
837
861
838
862
839
863
840
864
841
865
842
866
843
867
844
868
845
869
846
870
847
871
848
872
849
873
874
3300
851
875
8299
852
876
853
877
854
878
855
879
856
880
857
881
858
882
859
883
860
884
861
885
862
886
863
887
864
888
865
889
866
890
867
891
868
892
869
893
870
894
871
895
872
896
873
897
874
898
899
3325
876
900
8324
877
901
878
902
879
903
880
904
881
905
882
906
883
907
884
908
885
909
886
910
887
911
888
912
889
913
890
914
891
915
892
916
893
917
894
918
895
919
896
920
897
921
898
922
899
923
924
3350
901
925
8349
902
926
903
927
904
928
905
929
906
930
907
931
908
932
909
933
910
934
911
935
912
936
913
937
914
938
915
939
916
940
917
941
918
942
919
943
920
944
921
945
922
946
923
947
924
948
949
3375
926
950
8374
927
951
928
952
929
953
930
954
931
955
932
956
933
957
934
958
935
959
936
960
937
961
938
962
939
963
940
964
941
965
942
966
943
967
944
968
945
969
946
970
947
971
948
972
949
973
974
3400
951
975
8399
952
976
953
977
954
978
955
979
956
980
957
981
958
982
959
983
960
984
961
985
962
986
963
987
964
988
965
989
966
990
967
991
968
992
969
993
970
994
971
995
972
996
973
997
974
998
999
3425
976
1000
8424
977
1001
978
1002
979
1003
980
1004
981
1005
982
1006
983
1007
984
1008
985
1009
986
1010
987
1011
988
1012
989
1013
990
1014
991
1015
992
1016
993
1017
994
1018
995
1019
996
1020
997
1021
998
1022
999
1023
1024
3450
1001
1025
8449
1002
1026
1003
1027
1004
1028
1005
1029
1006
1030
1007
1031
1008
1032
1009
1033
1010
1034
1011
1035
1012
1036
1013
1037
1014
1038
1015
1039
1016
1040
1017
1041
1018
1042
1019
1043
1020
1044
1021
1045
1022
1046
1023
1047
1024
1048
1049
3475
1026
1050
8474
1027
1051
1028
1052
1029
1053
1030
1054
1031
1055
1032
1056
1033
1057
1034
1058
1035
1059
1036
1060
1037
1061
1038
1062
1039
1063
1040
1064
1041
1065
1042
1066
1043
1067
1044
1068
1045
1069
1046
1070
1047
1071
1048
1072
1049
1073
1074
3500
1051
1075
8499
1052
1076
1053
1077
1054
1078
1055
1079
1056
1080
1057
1081
1058
1082
1059
1083
1060
1084
1061
1085
1062
1086
1063
1087
1064
1088
1065
1089
1066
1090
1067
1091
1068
1092
1069
1093
1070
1094
1071
1095
1072
1096
1073
1097
1074
1098
1099
3525
1076
1100
8524
1077
1101
1078
1102
1079
1103
1080
1104
1081
1105
1082
1106
1083
1107
1084
1108
1085
1109
1086
1110
1087
1111
1088
1112
1089
1113
1090
1114
1091
1115
1092
1116
1093
1117
1094
1118
1095
1119
1096
1120
1097
1121
1098
1122
1099
1123
1124
3550
1101
1125
8549
1102
1126
1103
1127
1104
1128
1105
1129
1106
1130
1107
1131
1108
1132
1109
1133
1110
1134
1111
1135
1112
1136
1113
1137
1114
1138
1115
1139
1116
1140
1117
1141
1118
1142
1119
1143
1120
1144
1121
1145
1122
1146
1123
1147
1124
1148
1149
3575
1126
1150
8574
1127
1151
1128
1152
1129
1153
1130
1154
1131
1155
1132
1156
1133
1157
1134
1158
1135
1159
1136
1160
1137
1161
1138
1162
1139
1163
1140
1164
1141
1165
1142
1166
1143
1167
1144
1168
1145
1169
1146
1170
1147
1171
1148
1172
1149
1173
1174
3600
1151
1175
8599
1152
1176
1153
1177
1154
1178
1155
1179
1156
1180
1157
1181
1158
1182
1159
1183
1160
1184
1161
1185
1162
1186
1163
1187
1164
1188
1165
1189
1166
1190
1167
1191
1168
1192
1169
1193
1170
1194
1171
1195
1172
1196
1173
1197
1174
1198
1199
3625
1176
1200
8624
1177
1201
1178
1202
1179
1203
1180
1204
1181
1205
1182
1206
1183
1207
1184
1208
1185
1209
1186
1210
1187
1211
1188
1212
1189
1213
1190
1214
1191
1215
1192
1216
1193
1217
1194
1218
1195
1219
1196
1220
1197
1221
1198
1222
1199
1223
1224
3650
1201
1225
8649
1202
1226
1203
1227
1204
1228
1205
1229
1206
1230
1207
1231
1208
1232
1209
1233
1210
1234
1211
1235
1212
1236
1213
1237
1214
1238
1215
1239
1216
1240
1217
1241
1218
1242
1219
1243
1220
1244
1221
1245
1222
1246
1223
1247
1224
1248
1249
3675
1226
1250
8674
1227
1251
1228
1252
1229
1253
1230
1254
1231
1255
1232
1256
1233
1257
1234
1258
1235
1259
1236
1260
1237
1261
1238
1262
1239
1263
1240
1264
1241
1265
1242
1266
1243
1267
1244
1268
1245
1269
1246
1270
1247
1271
1248
1272
1249
1273
1274
3700
1251
1275
8699
1252
1276
1253
1277
1254
1278
1255
1279
1256
1280
1257
1281
1258
1282
1259
1283
1260
1284
1261
1285
1262
1286
1263
1287
1264
1288
1265
1289
1266
1290
1267
1291
1268
1292
1269
1293
1270
1294
1271
1295
1272
1296
1273
1297
1274
1298
1299
3725
1276
1300
8724
1277
1301
1278
1302
1279
1303
1280
1304
1281
1305
1282
1306
1283
1307
1284
1308
1285
1309
1286
1310
1287
1311
1288
1312
1289
1313
1290
1314
1291
1315
1292
1316
1293
1317
1294
1318
1295
1319
1296
1320
1297
1321
1298
1322
1299
1323
1324
3750
1301
1325
8749
1302
1326
1303
1327
1304
1328
1305
1329
1306
1330
1307
1331
1308
1332
1309
1333
1310
1334
1311
1335
1312
1336
1313
1337
1314
1338
1315
1339
1316
1340
1317
1341
1318
1342
1319
1343
1320
1344
1321
1345
1322
1346
1323
1347
1324
1348
1349
3775
1326
1350
8774
1327
1351
1328
1352
1329
1353
1330
1354
1331
1355
1332
1356
1333
1357
1334
1358
1335
1359
1336
1360
1337
1361
1338
1362
1339
1363
1340
1364
1341
1365
1342
1366
1343
1367
1344
1368
1345
1369
1346
1370
1347
1371
1348
1372
1349
1373
1374
3800
1351
1375
8799
1352
1376
1353
1377
1354
1378
1355
1379
1356
1380
1357
1381
1358
1382
1359
1383
1360
1384
1361
1385
1362
1386
1363
1387
1364
1388
1365
1389
1366
1390
1367
1391
1368
1392
1369
1393
1370
1394
1371
1395
1372
1396
1373
1397
1374
1398
1399
3825
1376
1400
8824
1377
1401
1378
1402
1379
1403
1380
1404
1381
1405
1382
1406
1383
1407
1384
1408
1385
1409
1386
1410
1387
1411
1388
1412
1389
1413
1390
1414
1391
1415
1392
1416
1393
1417
1394
1418
1395
1419
1396
1420
1397
1421
1398
1422
1399
1423
1424
3850
1401
1425
8849
1402
1426
1403
1427
1404
1428
1405
1429
1406
1430
1407
1431
1408
1432
1409
1433
1410
1434
1411
1435
1412
1436
1413
1437
1414
1438
1415
1439
1416
1440
1417
1441
1418
1442
1419
1443
1420
1444
1421
1445
1422
1446
1423
1447
1424
1448
1449
3875
1426
1450
8874
1427
1451
1428
1452
1429
1453
1430
1454
1431
1455
1432
1456
1433
1457
1434
1458
1435
1459
1436
1460
1437
1461
1438
1462
1439
1463
1440
1464
1441
1465
1442
1466
1443
1467
1444
1468
1445
1469
1446
1470
1447
1471
1448
1472
1449
1473
1474
3900
1451
1475
8899
1452
1476
1453
1477
1454
1478
1455
1479
1456
1480
1457
1481
1458
1482
1459
1483
1460
1484
1461
1485
1462
1486
1463
1487
1464
1488
1465
1489
1466
1490
1467
1491
1468
1492
1469
1493
1470
1494
1471
1495
1472
1496
1473
1497
1474
1498
1499
3925
1476
1500
8924
1477
1501
1478
1502
1479
1503
1480
1504
1481
1505
1482
1506
1483
1507
1484
1508
1485
1509
1486
1510
1487
1511
1488
1512
1489
1513
1490
1514
1491
1515
1492
1516
1493
1517
1494
1518
1495
1519
1496
1520
1497
1521
1498
1522
1499
1523
1524
3950
1501
1525
8949
1502
1526
1503
1527
1504
1528
1505
1529
1506
1530
1507
1531
1508
1532
1509
1533
1510
1534
1511
1535
1512
1536
1513
1537
1514
1538
1515
1539
1516
1540
1517
1541
1518
1542
1519
1543
1520
1544
1521
1545
1522
1546
1523
1547
1524
1548
1549
3975
1526
1550
8974
1527
1551
1528
1552
1529
1553
1530
1554
1531
1555
1532
1556
1533
1557
1534
1558
1535
1559
1536
1560
1537
1561
1538
1562
1539
1563
1540
1564
1541
1565
1542
1566
1543
1567
1544
1568
1545
1569
1546
1570
1547
1571
1548
1572
1549
1573
1574
4000
1551
1575
8999
1552
1576
1553
1577
1554
1578
1555
1579
1556
1580
1557
1581
1558
1582
1559
1583
1560
1584
1561
1585
1562
1586
1563
1587
1564
1588
1565
1589
1566
1590
1567
1591
1568
1592
1569
1593
1570
1594
1571
1595
1572
1596
1573
1597
1574
1598
1599
4025
1576
1600
9024
1577
1601
1578
1602
1579
1603
1580
1604
1581
1605
1582
1606
1583
1607
1584
1608
1585
1609
1586
1610
1587
1611
1588
1612
1589
1613
1590
1614
1591
1615
1592
1616
1593
1617
1594
1618
1595
1619
1596
1620
1597
1621
1598
1622
1599
1623
1624
4050
1601
1625
9049
1602
1626
1603
1627
1604
1628
1605
1629
1606
1630
1607
1631
1608
1632
1609
1633
1610
1634
1611
1635
1612
1636
1613
1637
1614
1638
1615
1639
1616
1640
1617
1641
1618
1642
1619
1643
1620
1644
1621
1645
1622
1646
1623
1647
1624
1648
1649
4075
1626
1650
9074
1627
1651
1628
1652
1629
1653
1630
1654
1631
1655
1632
1656
1633
1657
1634
1658
1635
1659
1636
1660
1637
1661
1638
1662
1639
1663
1640
1664
1641
1665
1642
1666
1643
1667
1644
1668
1645
1669
1646
1670
1647
1671
1648
1672
1649
1673
1674
4100
1651
1675
9099
1652
1676
1653
1677
1654
1678
1655
1679
1656
1680
1657
1681
1658
1682
1659
1683
1660
1684
1661
1685
1662
1686
1663
1687
1664
1688
1665
1689
1666
1690
1667
1691
1668
1692
1669
1693
1670
1694
1671
1695
1672
1696
1673
1697
1674
1698
1699
4125
1676
1700
9124
1677
1701
1678
1702
1679
1703
1680
1704
1681
1705
1682
1706
1683
1707
1684
1708
1685
1709
1686
1710
1687
1711
1688
1712
1689
1713
1690
1714
1691
1715
1692
1716
1693
1717
1694
1718
1695
1719
1696
1720
1697
1721
1698
1722
1699
1723
1724
4150
1701
1725
9149
1702
1726
1703
1727
1704
1728
1705
1729
1706
1730
1707
1731
1708
1732
1709
1733
1710
1734
1711
1735
1712
1736
1713
1737
1714
1738
1715
1739
1716
1740
1717
1741
1718
1742
1719
1743
1720
1744
1721
1745
1722
1746
1723
1747
1724
1748
1749
4175
1726
1750
9174
1727
1751
1728
1752
1729
1753
1730
1754
1731
1755
1732
1756
1733
1757
1734
1758
1735
1759
1736
1760
1737
1761
1738
1762
1739
1763
1740
1764
1741
1765
1742
1766
1743
1767
1744
1768
1745
1769
1746
1770
1747
1771
1748
1772
1749
1773
1774
4200
1751
1775
9199
1752
1776
1753
1777
1754
1778
1755
1779
1756
1780
1757
1781
1758
1782
1759
1783
1760
1784
1761
1785
1762
1786
1763
1787
1764
1788
1765
1789
1766
1790
1767
1791
1768
1792
1769
1793
1770
1794
1771
1795
1772
1796
1773
1797
1774
1798
1799
4225
1776
1800
9224
1777
1801
1778
1802
1779
1803
1780
1804
1781
1805
1782
1806
1783
1807
1784
1808
1785
1809
1786
1810
1787
1811
1788
1812
1789
1813
1790
1814
1791
1815
1792
1816
1793
1817
1794
1818
1795
1819
1796
1820
1797
1821
1798
1822
1799
1823
1824
4250
1801
1825
9249
1802
1826
1803
1827
1804
1828
1805
1829
1806
1830
1807
1831
1808
1832
1809
1833
1810
1834
1811
1835
1812
1836
1813
1837
1814
1838
1815
1839
1816
1840
1817
1841
1818
1842
1819
1843
1820
1844
1821
1845
1822
1846
1823
1847
1824
1848
1849
4275
1826
1850
9274
1827
1851
1828
1852
1829
1853
1830
1854
1831
1855
1832
1856
1833
1857
1834
1858
1835
1859
1836
1860
1837
1861
1838
1862
1839
1863
1840
1864
1841
1865
1842
1866
1843
1867
1844
1868
1845
1869
1846
1870
1847
1871
1848
1872
1849
1873
1874
4300
1851
1875
9299
1852
1876
1853
1877
1854
1878
1855
1879
1856
1880
1857
1881
1858
1882
1859
1883
1860
1884
1861
1885
1862
1886
1863
1887
1864
1888
1865
1889
1866
1890
1867
1891
1868
1892
1869
1893
1870
1894
1871
1895
1872
1896
1873
1897
1874
1898
1899
4325
1876
1900
9324
1877
1901
1878
1902
1879
1903
1880
1904
1881
1905
1882
1906
1883
1907
1884
1908
1885
1909
1886
1910
1887
1911
1888
1912
1889
1913
1890
1914
1891
1915
1892
1916
1893
1917
1894
1918
1895
1919
1896
1920
1897
1921
1898
1922
1899
1923
1924
4350
1901
1925
9349
1902
1926
1903
1927
1904
1928
1905
1929
1906
1930
1907
1931
1908
1932
1909
1933
1910
1934
1911
1935
1912
1936
1913
1937
1914
1938
1915
1939
1916
1940
1917
1941
1918
1942
1919
1943
1920
1944
1921
1945
1922
1946
1923
1947
1924
1948
1949
4375
1926
1950
9374
1927
1951
1928
1952
1929
1953
1930
1954
1931
1955
1932
1956
1933
1957
1934
1958
1935
1959
1936
1960
1937
1961
1938
1962
1939
1963
1940
1964
1941
1965
1942
1966
1943
1967
1944
1968
1945
1969
1946
1970
1947
1971
1948
1972
1949
1973
1974
4400
1951
1975
9399
1952
1976
1953
1977
1954
1978
1955
1979
1956
1980
1957
1981
1958
1982
1959
1983
1960
1984
1961
1985
1962
1986
1963
1987
1964
1988
1965
1989
1966
1990
1967
1991
1968
1992
1969
1993
1970
1994
1971
1995
1972
1996
1973
1997
1974
1998
1999
4425
1976
2000
9424
1977
2001
1978
2002
1979
2003
1980
2004
1981
2005
1982
2006
1983
2007
1984
2008
1985
2009
1986
2010
1987
2011
1988
2012
1989
2013
1990
2014
1991
2015
1992
2016
1993
2017
1994
2018
1995
2019
1996
2020
1997
2021
1998
2022
1999
2023
2024
4450
2001
2025
9449
2002
2026
2003
2027
2004
2028
2005
2029
2006
2030
2007
2031
2008
2032
2009
2033
2010
2034
2011
2035
2012
2036
2013
2037
2014
2038
2015
2039
2016
2040
2017
2041
2018
2042
2019
2043
2020
2044
2021
2045
2022
2046
2023
2047
2024
2048
2049
4475
2026
2050
9474
2027
2051
2028
2052
2029
2053
2030
2054
2031
2055
2032
2056
2033
2057
2034
2058
2035
2059
2036
2060
2037
2061
2038
2062
2039
2063
2040
2064
2041
2065
2042
2066
2043
2067
2044
2068
2045
2069
2046
2070
2047
2071
2048
2072
2049
2073
2074
4500
2051
2075
9499
2052
2076
2053
2077
2054
2078
2055
2079
2056
2080
2057
2081
2058
2082
2059
2083
2060
2084
2061
2085
2062
2086
2063
2087
2064
2088
2065
2089
2066
2090
2067
2091
2068
2092
2069
2093
2070
2094
2071
2095
2072
2096
2073
2097
2074
2098
2099
4525
2076
2100
9524
2077
2101
2078
2102
2079
2103
2080
2104
2081
2105
2082
2106
2083
2107
2084
2108
2085
2109
2086
2110
2087
2111
2088
2112
2089
2113
2090
2114
2091
2115
2092
2116
2093
2117
2094
2118
2095
2119
2096
2120
2097
2121
2098
2122
2099
2123
2124
4550
2101
2125
9549
2102
2126
2103
2127
2104
2128
2105
2129
2106
2130
2107
2131
2108
2132
2109
2133
2110
2134
2111
2135
2112
2136
2113
2137
2114
2138
2115
2139
2116
2140
2117
2141
2118
2142
2119
2143
2120
2144
2121
2145
2122
2146
2123
2147
2124
2148
2149
4575
2126
2150
9574
2127
2151
2128
2152
2129
2153
2130
2154
2131
2155
2132
2156
2133
2157
2134
2158
2135
2159
2136
2160
2137
2161
2138
2162
2139
2163
2140
2164
2141
2165
2142
2166
2143
2167
2144
2168
2145
2169
2146
2170
2147
2171
2148
2172
2149
2173
2174
4600
2151
2175
9599
2152
2176
2153
2177
2154
2178
2155
2179
2156
2180
2157
2181
2158
2182
2159
2183
2160
2184
2161
2185
2162
2186
2163
2187
2164
2188
2165
2189
2166
2190
2167
2191
2168
2192
2169
2193
2170
2194
2171
2195
2172
2196
2173
2197
2174
2198
2199
4625
2176
2200
9624
2177
2201
2178
2202
2179
2203
2180
2204
2181
2205
2182
2206
2183
2207
2184
2208
2185
2209
2186
2210
2187
2211
2188
2212
2189
2213
2190
2214
2191
2215
2192
2216
2193
2217
2194
2218
2195
2219
2196
2220
2197
2221
2198
2222
2199
2223
2224
4650
2201
2225
9649
2202
2226
2203
2227
2204
2228
2205
2229
2206
2230
2207
2231
2208
2232
2209
2233
2210
2234
2211
2235
2212
2236
2213
2237
2214
2238
2215
2239
2216
2240
2217
2241
2218
2242
2219
2243
2220
2244
2221
2245
2222
2246
2223
2247
2224
2248
2249
4675
2226
2250
9674
2227
2251
2228
2252
2229
2253
2230
2254
2231
2255
2232
2256
2233
2257
2234
2258
2235
2259
2236
2260
2237
2261
2238
2262
2239
2263
2240
2264
2241
2265
2242
2266
2243
2267
2244
2268
2245
2269
2246
2270
2247
2271
2248
2272
2249
2273
2274
4700
2251
2275
9699
2252
2276
2253
2277
2254
2278
2255
2279
2256
2280
2257
2281
2258
2282
2259
2283
2260
2284
2261
2285
2262
2286
2263
2287
2264
2288
2265
2289
2266
2290
2267
2291
2268
2292
2269
2293
2270
2294
2271
2295
2272
2296
2273
2297
2274
2298
2299
4725
2276
2300
9724
2277
2301
2278
2302
2279
2303
2280
2304
2281
2305
2282
2306
2283
2307
2284
2308
2285
2309
2286
2310
2287
2311
2288
2312
2289
2313
2290
2314
2291
2315
2292
2316
2293
2317
2294
2318
2295
2319
2296
2320
2297
2321
2298
2322
2299
2323
2324
4750
2301
2325
9749
2302
2326
2303
2327
2304
2328
2305
2329
2306
2330
2307
2331
2308
2332
2309
2333
2310
2334
2311
2335
2312
2336
2313
2337
2314
2338
2315
2339
2316
2340
2317
2341
2318
2342
2319
2343
2320
2344
2321
2345
2322
2346
2323
2347
2324
2348
2349
4775
2326
2350
9774
2327
2351
2328
2352
2329
2353
2330
2354
2331
2355
2332
2356
2333
2357
2334
2358
2335
2359
2336
2360
2337
2361
2338
2362
2339
2363
2340
2364
2341
2365
2342
2366
2343
2367
2344
2368
2345
2369
2346
2370
2347
2371
2348
2372
2349
2373
2374
4800
2351
2375
9799
2352
2376
2353
2377
2354
2378
2355
2379
2356
2380
2357
2381
2358
2382
2359
2383
2360
2384
2361
2385
2362
2386
2363
2387
2364
2388
2365
2389
2366
2390
2367
2391
2368
2392
2369
2393
2370
2394
2371
2395
2372
2396
2373
2397
2374
2398
2399
4825
2376
2400
9824
2377
2401
2378
2402
2379
2403
2380
2404
2381
2405
2382
2406
2383
2407
2384
2408
2385
2409
2386
2410
2387
2411
2388
2412
2389
2413
2390
2414
2391
2415
2392
2416
2393
2417
2394
2418
2395
2419
2396
2420
2397
2421
2398
2422
2399
2423
2424
4850
2401
2425
9849
2402
2426
2403
2427
2404
2428
2405
2429
2406
2430
2407
2431
2408
2432
2409
2433
2410
2434
2411
2435
2412
2436
2413
2437
2414
2438
2415
2439
2416
2440
2417
2441
2418
2442
2419
2443
2420
2444
2421
2445
2422
2446
2423
2447
2424
2448
2449
4875
2426
2450
9874
2427
2451
2428
2452
2429
2453
2430
2454
2431
2455
2432
2456
2433
2457
2434
2458
2435
2459
2436
2460
2437
2461
2438
2462
2439
2463
2440
2464
2441
2465
2442
2466
2443
2467
2444
2468
2445
2469
2446
2470
2447
2471
2448
2472
2449
2473
2474
4900
2451
9899
2452
2453
2454
2455
2456
2457
2458
2459
2460
2461
2462
2463
2464
2465
2466
2467
2468
2469
2470
2471
2472
2473
2474
4925
2476
2500
2477
2501
2478
2502
2479
2503
2480
2504
2481
2505
2482
2506
2483
2507
2484
2508
2485
2509
2486
2510
2487
2511
2488
2512
2489
2513
2490
2514
2491
2515
2492
2516
2493
2517
2494
2518
2495
2519
2496
2520
2497
2521
2498
2522
2499
2523
2524
4950
2501
2525
2502
2526
2503
2527
2504
2528
2505
2529
2506
2530
2507
2531
2508
2532
2509
2533
2510
2534
2511
2535
2512
2536
2513
2537
2514
2538
2515
2539
2516
2540
2517
2541
2518
2542
2519
2543
2520
2544
2521
2545
2522
2546
2523
2547
2524
2548
2549
4975
2526
2550
2527
2551
2528
2552
2529
2553
2530
2554
2531
2555
2532
2556
2533
2557
2534
2558
2535
2559
2536
2560
2537
2561
2538
2562
2539
2563
2540
2564
2541
2565
2542
2566
2543
2567
2544
2568
2545
2569
2546
2570
2547
2571
2548
2572
2549
2573
2574
5000
2551
2575
2552
2576
2553
2577
2554
2578
2555
2579
2556
2580
2557
2581
2558
2582
2559
2583
2560
2584
2561
2585
2562
2586
2563
2587
2564
2588
2565
2589
2566
2590
2567
2591
2568
2592
2569
2593
2570
2594
2571
2595
2572
2596
2573
2597
2574
2598
2599
5025
2576
2600
2577
2601
2578
2602
2579
2603
2580
2604
2581
2605
2582
2606
2583
2607
2584
2608
2585
2609
2586
2610
2587
2611
2588
2612
2589
2613
2590
2614
2591
2615
2592
2616
2593
2617
2594
2618
2595
2619
2596
2620
2597
2621
2598
2622
2599
2623
2624
5050
2601
2625
2602
2626
2603
2627
2604
2628
2605
2629
2606
2630
2607
2631
2608
2632
2609
2633
2610
2634
2611
2635
2612
2636
2613
2637
2614
2638
2615
2639
2616
2640
2617
2641
2618
2642
2619
2643
2620
2644
2621
2645
2622
2646
2623
2647
2624
2648
2649
5075
2626
2650
2627
2651
2628
2652
2629
2653
2630
2654
2631
2655
2632
2656
2633
2657
2634
2658
2635
2659
2636
2660
2637
2661
2638
2662
2639
2663
2640
2664
2641
2665
2642
2666
2643
2667
2644
2668
2645
2669
2646
2670
2647
2671
2648
2672
2649
2673
2674
5100
2651
2675
2652
2676
2653
2677
2654
2678
2655
2679
2656
2680
2657
2681
2658
2682
2659
2683
2660
2684
2661
2685
2662
2686
2663
2687
2664
2688
2665
2689
2666
2690
2667
2691
2668
2692
2669
2693
2670
2694
2671
2695
2672
2696
2673
2697
2674
2698
2699
5125
2676
2700
2677
2701
2678
2702
2679
2703
2680
2704
2681
2705
2682
2706
2683
2707
2684
2708
2685
2709
2686
2710
2687
2711
2688
2712
2689
2713
2690
2714
2691
2715
2692
2716
2693
2717
2694
2718
2695
2719
2696
2720
2697
2721
2698
2722
2699
2723
2724
5150
2701
2725
2702
2726
2703
2727
2704
2728
2705
2729
2706
2730
2707
2731
2708
2732
2709
2733
2710
2734
2711
2735
2712
2736
2713
2737
2714
2738
2715
2739
2716
2740
2717
2741
2718
2742
2719
2743
2720
2744
2721
2745
2722
2746
2723
2747
2724
2748
2749
5175
2726
2750
2727
2751
2728
2752
2729
2753
2730
2754
2731
2755
2732
2756
2733
2757
2734
2758
2735
2759
2736
2760
2737
2761
2738
2762
2739
2763
2740
2764
2741
2765
2742
2766
2743
2767
2744
2768
2745
2769
2746
2770
2747
2771
2748
2772
2749
2773
2774
5200
2751
2775
2752
2776
2753
2777
2754
2778
2755
2779
2756
2780
2757
2781
2758
2782
2759
2783
2760
2784
2761
2785
2762
2786
2763
2787
2764
2788
2765
2789
2766
2790
2767
2791
2768
2792
2769
2793
2770
2794
2771
2795
2772
2796
2773
2797
2774
2798
2799
5225
2776
2800
2777
2801
2778
2802
2779
2803
2780
2804
2781
2805
2782
2806
2783
2807
2784
2808
2785
2809
2786
2810
2787
2811
2788
2812
2789
2813
2790
2814
2791
2815
2792
2816
2793
2817
2794
2818
2795
2819
2796
2820
2797
2821
2798
2822
2799
2823
2824
5250
2801
2825
2802
2826
2803
2827
2804
2828
2805
2829
2806
2830
2807
2831
2808
2832
2809
2833
2810
2834
2811
2835
2812
2836
2813
2837
2814
2838
2815
2839
2816
2840
2817
2841
2818
2842
2819
2843
2820
2844
2821
2845
2822
2846
2823
2847
2824
2848
2849
5275
2826
2850
2827
2851
2828
2852
2829
2853
2830
2854
2831
2855
2832
2856
2833
2857
2834
2858
2835
2859
2836
2860
2837
2861
2838
2862
2839
2863
2840
2864
2841
2865
2842
2866
2843
2867
2844
2868
2845
2869
2846
2870
2847
2871
2848
2872
2849
2873
2874
5300
2851
2875
2852
2876
2853
2877
2854
2878
2855
2879
2856
2880
2857
2881
2858
2882
2859
2883
2860
2884
2861
2885
2862
2886
2863
2887
2864
2888
2865
2889
2866
2890
2867
2891
2868
2892
2869
2893
2870
2894
2871
2895
2872
2896
2873
2897
2874
2898
2899
5325
2876
2900
2877
2901
2878
2902
2879
2903
2880
2904
2881
2905
2882
2906
2883
2907
2884
2908
2885
2909
2886
2910
2887
2911
2888
2912
2889
2913
2890
2914
2891
2915
2892
2916
2893
2917
2894
2918
2895
2919
2896
2920
2897
2921
2898
2922
2899
2923
2924
5350
2901
2925
2902
2926
2903
2927
2904
2928
2905
2929
2906
2930
2907
2931
2908
2932
2909
2933
2910
2934
2911
2935
2912
2936
2913
2937
2914
2938
2915
2939
2916
2940
2917
2941
2918
2942
2919
2943
2920
2944
2921
2945
2922
2946
2923
2947
2924
2948
2949
5375
2926
2950
2927
2951
2928
2952
2929
2953
2930
2954
2931
2955
2932
2956
2933
2957
2934
2958
2935
2959
2936
2960
2937
2961
2938
2962
2939
2963
2940
2964
2941
2965
2942
2966
2943
2967
2944
2968
2945
2969
2946
2970
2947
2971
2948
2972
2949
2973
2974
5400
2951
2975
2952
2976
2953
2977
2954
2978
2955
2979
2956
2980
2957
2981
2958
2982
2959
2983
2960
2984
2961
2985
2962
2986
2963
2987
2964
2988
2965
2989
2966
2990
2967
2991
2968
2992
2969
2993
2970
2994
2971
2995
2972
2996
2973
2997
2974
2998
2999
5425
2976
3000
2977
3001
2978
3002
2979
3003
2980
3004
2981
3005
2982
3006
2983
3007
2984
3008
2985
3009
2986
3010
2987
3011
2988
3012
2989
3013
2990
3014
2991
3015
2992
3016
2993
3017
2994
3018
2995
3019
2996
3020
2997
3021
2998
3022
2999
3023
3024
5450
3001
3025
3002
3026
3003
3027
3004
3028
3005
3029
3006
3030
3007
3031
3008
3032
3009
3033
3010
3034
3011
3035
3012
3036
3013
3037
3014
3038
3015
3039
3016
3040
3017
3041
3018
3042
3019
3043
3020
3044
3021
3045
3022
3046
3023
3047
3024
3048
3049
5475
3026
3050
3027
3051
3028
3052
3029
3053
3030
3054
3031
3055
3032
3056
3033
3057
3034
3058
3035
3059
3036
3060
3037
3061
3038
3062
3039
3063
3040
3064
3041
3065
3042
3066
3043
3067
3044
3068
3045
3069
3046
3070
3047
3071
3048
3072
3049
3073
3074
5500
3051
3075
3052
3076
3053
3077
3054
3078
3055
3079
3056
3080
3057
3081
3058
3082
3059
3083
3060
3084
3061
3085
3062
3086
3063
3087
3064
3088
3065
3089
3066
3090
3067
3091
3068
3092
3069
3093
3070
3094
3071
3095
3072
3096
3073
3097
3074
3098
3099
5525
3076
3100
3077
3101
3078
3102
3079
3103
3080
3104
3081
3105
3082
3106
3083
3107
3084
3108
3085
3109
3086
3110
3087
3111
3088
3112
3089
3113
3090
3114
3091
3115
3092
3116
3093
3117
3094
3118
3095
3119
3096
3120
3097
3121
3098
3122
3099
3123
3124
5550
3101
3125
3102
3126
3103
3127
3104
3128
3105
3129
3106
3130
3107
3131
3108
3132
3109
3133
3110
3134
3111
3135
3112
3136
3113
3137
3114
3138
3115
3139
3116
3140
3117
3141
3118
3142
3119
3143
3120
3144
3121
3145
3122
3146
3123
3147
3124
3148
3149
5575
3126
3150
3127
3151
3128
3152
3129
3153
3130
3154
3131
3155
3132
3156
3133
3157
3134
3158
3135
3159
3136
3160
3137
3161
3138
3162
3139
3163
3140
3164
3141
3165
3142
3166
3143
3167
3144
3168
3145
3169
3146
3170
3147
3171
3148
3172
3149
3173
3174
5600
3151
3175
3152
3176
3153
3177
3154
3178
3155
3179
3156
3180
3157
3181
3158
3182
3159
3183
3160
3184
3161
3185
3162
3186
3163
3187
3164
3188
3165
3189
3166
3190
3167
3191
3168
3192
3169
3193
3170
3194
3171
3195
3172
3196
3173
3197
3174
3198
3199
5625
3176
3200
3177
3201
3178
3202
3179
3203
3180
3204
3181
3205
3182
3206
3183
3207
3184
3208
3185
3209
3186
3210
3187
3211
3188
3212
3189
3213
3190
3214
3191
3215
3192
3216
3193
3217
3194
3218
3195
3219
3196
3220
3197
3221
3198
3222
3199
3223
3224
5650
3201
3225
3202
3226
3203
3227
3204
3228
3205
3229
3206
3230
3207
3231
3208
3232
3209
3233
3210
3234
3211
3235
3212
3236
3213
3237
3214
3238
3215
3239
3216
3240
3217
3241
3218
3242
3219
3243
3220
3244
3221
3245
3222
3246
3223
3247
3224
3248
3249
5675
3226
3250
3227
3251
3228
3252
3229
3253
3230
3254
3231
3255
3232
3256
3233
3257
3234
3258
3235
3259
3236
3260
3237
3261
3238
3262
3239
3263
3240
3264
3241
3265
3242
3266
3243
3267
3244
3268
3245
3269
3246
3270
3247
3271
3248
3272
3249
3273
3274
5700
3251
3275
3252
3276
3253
3277
3254
3278
3255
3279
3256
3280
3257
3281
3258
3282
3259
3283
3260
3284
3261
3285
3262
3286
3263
3287
3264
3288
3265
3289
3266
3290
3267
3291
3268
3292
3269
3293
3270
3294
3271
3295
3272
3296
3273
3297
3274
3298
3299
5725
3276
3300
3277
3301
3278
3302
3279
3303
3280
3304
3281
3305
3282
3306
3283
3307
3284
3308
3285
3309
3286
3310
3287
3311
3288
3312
3289
3313
3290
3314
3291
3315
3292
3316
3293
3317
3294
3318
3295
3319
3296
3320
3297
3321
3298
3322
3299
3323
3324
5750
3301
3325
3302
3326
3303
3327
3304
3328
3305
3329
3306
3330
3307
3331
3308
3332
3309
3333
3310
3334
3311
3335
3312
3336
3313
3337
3314
3338
3315
3339
3316
3340
3317
3341
3318
3342
3319
3343
3320
3344
3321
3345
3322
3346
3323
3347
3324
3348
3349
5775
3326
3350
3327
3351
3328
3352
3329
3353
3330
3354
3331
3355
3332
3356
3333
3357
3334
3358
3335
3359
3336
3360
3337
3361
3338
3362
3339
3363
3340
3364
3341
3365
3342
3366
3343
3367
3344
3368
3345
3369
3346
3370
3347
3371
3348
3372
3349
3373
3374
5800
3351
3375
3352
3376
3353
3377
3354
3378
3355
3379
3356
3380
3357
3381
3358
3382
3359
3383
3360
3384
3361
3385
3362
3386
3363
3387
3364
3388
3365
3389
3366
3390
3367
3391
3368
3392
3369
3393
3370
3394
3371
3395
3372
3396
3373
3397
3374
3398
3399
5825
3376
3400
3377
3401
3378
3402
3379
3403
3380
3404
3381
3405
3382
3406
3383
3407
3384
3408
3385
3409
3386
3410
3387
3411
3388
3412
3389
3413
3390
3414
3391
3415
3392
3416
3393
3417
3394
3418
3395
3419
3396
3420
3397
3421
3398
3422
3399
3423
3424
5850
3401
3425
3402
3426
3403
3427
3404
3428
3405
3429
3406
3430
3407
3431
3408
3432
3409
3433
3410
3434
3411
3435
3412
3436
3413
3437
3414
3438
3415
3439
3416
3440
3417
3441
3418
3442
3419
3443
3420
3444
3421
3445
3422
3446
3423
3447
3424
3448
3449
5875
3426
3450
3427
3451
3428
3452
3429
3453
3430
3454
3431
3455
3432
3456
3433
3457
3434
3458
3435
3459
3436
3460
3437
3461
3438
3462
3439
3463
3440
3464
3441
3465
3442
3466
3443
3467
3444
3468
3445
3469
3446
3470
3447
3471
3448
3472
3449
3473
3474
5900
3451
3475
3452
3476
3453
3477
3454
3478
3455
3479
3456
3480
3457
3481
3458
3482
3459
3483
3460
3484
3461
3485
3462
3486
3463
3487
3464
3488
3465
3489
3466
3490
3467
3491
3468
3492
3469
3493
3470
3494
3471
3495
3472
3496
3473
3497
3474
3498
3499
5925
3476
3500
3477
3501
3478
3502
3479
3503
3480
3504
3481
3505
3482
3506
3483
3507
3484
3508
3485
3509
3486
3510
3487
3511
3488
3512
3489
3513
3490
3514
3491
3515
3492
3516
3493
3517
3494
3518
3495
3519
3496
3520
3497
3521
3498
3522
3499
3523
3524
5950
3501
3525
3502
3526
3503
3527
3504
3528
3505
3529
3506
3530
3507
3531
3508
3532
3509
3533
3510
3534
3511
3535
3512
3536
3513
3537
3514
3538
3515
3539
3516
3540
3517
3541
3518
3542
3519
3543
3520
3544
3521
3545
3522
3546
3523
3547
3524
3548
3549
5975
3526
3550
3527
3551
3528
3552
3529
3553
3530
3554
3531
3555
3532
3556
3533
3557
3534
3558
3535
3559
3536
3560
3537
3561
3538
3562
3539
3563
3540
3564
3541
3565
3542
3566
3543
3567
3544
3568
3545
3569
3546
3570
3547
3571
3548
3572
3549
3573
3574
6000
3551
3575
3552
3576
3553
3577
3554
3578
3555
3579
3556
3580
3557
3581
3558
3582
3559
3583
3560
3584
3561
3585
3562
3586
3563
3587
3564
3588
3565
3589
3566
3590
3567
3591
3568
3592
3569
3593
3570
3594
3571
3595
3572
3596
3573
3597
3574
3598
3599
6025
3576
3600
3577
3601
3578
3602
3579
3603
3580
3604
3581
3605
3582
3606
3583
3607
3584
3608
3585
3609
3586
3610
3587
3611
3588
3612
3589
3613
3590
3614
3591
3615
3592
3616
3593
3617
3594
3618
3595
3619
3596
3620
3597
3621
3598
3622
3599
3623
3624
6050
3601
3625
3602
3626
3603
3627
3604
3628
3605
3629
3606
3630
3607
3631
3608
3632
3609
3633
3610
3634
3611
3635
3612
3636
3613
3637
3614
3638
3615
3639
3616
3640
3617
3641
3618
3642
3619
3643
3620
3644
3621
3645
3622
3646
3623
3647
3624
3648
3649
6075
3626
3650
3627
3651
3628
3652
3629
3653
3630
3654
3631
3655
3632
3656
3633
3657
3634
3658
3635
3659
3636
3660
3637
3661
3638
3662
3639
3663
3640
3664
3641
3665
3642
3666
3643
3667
3644
3668
3645
3669
3646
3670
3647
3671
3648
3672
3649
3673
3674
6100
3651
3675
3652
3676
3653
3677
3654
3678
3655
3679
3656
3680
3657
3681
3658
3682
3659
3683
3660
3684
3661
3685
3662
3686
3663
3687
3664
3688
3665
3689
3666
3690
3667
3691
3668
3692
3669
3693
3670
3694
3671
3695
3672
3696
3673
3697
3674
3698
3699
6125
3676
3700
3677
3701
3678
3702
3679
3703
3680
3704
3681
3705
3682
3706
3683
3707
3684
3708
3685
3709
3686
3710
3687
3711
3688
3712
3689
3713
3690
3714
3691
3715
3692
3716
3693
3717
3694
3718
3695
3719
3696
3720
3697
3721
3698
3722
3699
3723
3724
6150
3701
3725
3702
3726
3703
3727
3704
3728
3705
3729
3706
3730
3707
3731
3708
3732
3709
3733
3710
3734
3711
3735
3712
3736
3713
3737
3714
3738
3715
3739
3716
3740
3717
3741
3718
3742
3719
3743
3720
3744
3721
3745
3722
3746
3723
3747
3724
3748
3749
6175
3726
3750
3727
3751
3728
3752
3729
3753
3730
3754
3731
3755
3732
3756
3733
3757
3734
3758
3735
3759
3736
3760
3737
3761
3738
3762
3739
3763
3740
3764
3741
3765
3742
3766
3743
3767
3744
3768
3745
3769
3746
3770
3747
3771
3748
3772
3749
3773
3774
6200
3751
3775
3752
3776
3753
3777
3754
3778
3755
3779
3756
3780
3757
3781
3758
3782
3759
3783
3760
3784
3761
3785
3762
3786
3763
3787
3764
3788
3765
3789
3766
3790
3767
3791
3768
3792
3769
3793
3770
3794
3771
3795
3772
3796
3773
3797
3774
3798
3799
6225
3776
3800
3777
3801
3778
3802
3779
3803
3780
3804
3781
3805
3782
3806
3783
3807
3784
3808
3785
3809
3786
3810
3787
3811
3788
3812
3789
3813
3790
3814
3791
3815
3792
3816
3793
3817
3794
3818
3795
3819
3796
3820
3797
3821
3798
3822
3799
3823
3824
6250
3801
3825
3802
3826
3803
3827
3804
3828
3805
3829
3806
3830
3807
3831
3808
3832
3809
3833
3810
3834
3811
3835
3812
3836
3813
3837
3814
3838
3815
3839
3816
3840
3817
3841
3818
3842
3819
3843
3820
3844
3821
3845
3822
3846
3823
3847
3824
3848
3849
6275
3826
3850
3827
3851
3828
3852
3829
3853
3830
3854
3831
3855
3832
3856
3833
3857
3834
3858
3835
3859
3836
3860
3837
3861
3838
3862
3839
3863
3840
3864
3841
3865
3842
3866
3843
3867
3844
3868
3845
3869
3846
3870
3847
3871
3848
3872
3849
3873
3874
6300
3851
3875
3852
3876
3853
3877
3854
3878
3855
3879
3856
3880
3857
3881
3858
3882
3859
3883
3860
3884
3861
3885
3862
3886
3863
3887
3864
3888
3865
3889
3866
3890
3867
3891
3868
3892
3869
3893
3870
3894
3871
3895
3872
3896
3873
3897
3874
3898
3899
6325
3876
3900
3877
3901
3878
3902
3879
3903
3880
3904
3881
3905
3882
3906
3883
3907
3884
3908
3885
3909
3886
3910
3887
3911
3888
3912
3889
3913
3890
3914
3891
3915
3892
3916
3893
3917
3894
3918
3895
3919
3896
3920
3897
3921
3898
3922
3899
3923
3924
6350
3901
3925
3902
3926
3903
3927
3904
3928
3905
3929
3906
3930
3907
3931
3908
3932
3909
3933
3910
3934
3911
3935
3912
3936
3913
3937
3914
3938
3915
3939
3916
3940
3917
3941
3918
3942
3919
3943
3920
3944
3921
3945
3922
3946
3923
3947
3924
3948
3949
6375
3926
3950
3927
3951
3928
3952
3929
3953
3930
3954
3931
3955
3932
3956
3933
3957
3934
3958
3935
3959
3936
3960
3937
3961
3938
3962
3939
3963
3940
3964
3941
3965
3942
3966
3943
3967
3944
3968
3945
3969
3946
3970
3947
3971
3948
3972
3949
3973
3974
6400
3951
3975
3952
3976
3953
3977
3954
3978
3955
3979
3956
3980
3957
3981
3958
3982
3959
3983
3960
3984
3961
3985
3962
3986
3963
3987
3964
3988
3965
3989
3966
3990
3967
3991
3968
3992
3969
3993
3970
3994
3971
3995
3972
3996
3973
3997
3974
3998
3999
6425
3976
4000
3977
4001
3978
4002
3979
4003
3980
4004
3981
4005
3982
4006
3983
4007
3984
4008
3985
4009
3986
4010
3987
4011
3988
4012
3989
4013
3990
4014
3991
4015
3992
4016
3993
4017
3994
4018
3995
4019
3996
4020
3997
4021
3998
4022
3999
4023
4024
6450
4001
4025
4002
4026
4003
4027
4004
4028
4005
4029
4006
4030
4007
4031
4008
4032
4009
4033
4010
4034
4011
4035
4012
4036
4013
4037
4014
4038
4015
4039
4016
4040
4017
4041
4018
4042
4019
4043
4020
4044
4021
4045
4022
4046
4023
4047
4024
4048
4049
6475
4026
4050
4027
4051
4028
4052
4029
4053
4030
4054
4031
4055
4032
4056
4033
4057
4034
4058
4035
4059
4036
4060
4037
4061
4038
4062
4039
4063
4040
4064
4041
4065
4042
4066
4043
4067
4044
4068
4045
4069
4046
4070
4047
4071
4048
4072
4049
4073
4074
6500
4051
4075
4052
4076
4053
4077
4054
4078
4055
4079
4056
4080
4057
4081
4058
4082
4059
4083
4060
4084
4061
4085
4062
4086
4063
4087
4064
4088
4065
4089
4066
4090
4067
4091
4068
4092
4069
4093
4070
4094
4071
4095
4072
4096
4073
4097
4074
4098
4099
6525
4076
4100
4077
4101
4078
4102
4079
4103
4080
4104
4081
4105
4082
4106
4083
4107
4084
4108
4085
4109
4086
4110
4087
4111
4088
4112
4089
4113
4090
4114
4091
4115
4092
4116
4093
4117
4094
4118
4095
4119
4096
4120
4097
4121
4098
4122
4099
4123
4124
6550
4101
4125
4102
4126
4103
4127
4104
4128
4105
4129
4106
4130
4107
4131
4108
4132
4109
4133
4110
4134
4111
4135
4112
4136
4113
4137
4114
4138
4115
4139
4116
4140
4117
4141
4118
4142
4119
4143
4120
4144
4121
4145
4122
4146
4123
4147
4124
4148
4149
6575
4126
4150
4127
4151
4128
4152
4129
4153
4130
4154
4131
4155
4132
4156
4133
4157
4134
4158
4135
4159
4136
4160
4137
4161
4138
4162
4139
4163
4140
4164
4141
4165
4142
4166
4143
4167
4144
4168
4145
4169
4146
4170
4147
4171
4148
4172
4149
4173
4174
6600
4151
4175
4152
4176
4153
4177
4154
4178
4155
4179
4156
4180
4157
4181
4158
4182
4159
4183
4160
4184
4161
4185
4162
4186
4163
4187
4164
4188
4165
4189
4166
4190
4167
4191
4168
4192
4169
4193
4170
4194
4171
4195
4172
4196
4173
4197
4174
4198
4199
6625
4176
4200
4177
4201
4178
4202
4179
4203
4180
4204
4181
4205
4182
4206
4183
4207
4184
4208
4185
4209
4186
4210
4187
4211
4188
4212
4189
4213
4190
4214
4191
4215
4192
4216
4193
4217
4194
4218
4195
4219
4196
4220
4197
4221
4198
4222
4199
4223
4224
6650
4201
4225
4202
4226
4203
4227
4204
4228
4205
4229
4206
4230
4207
4231
4208
4232
4209
4233
4210
4234
4211
4235
4212
4236
4213
4237
4214
4238
4215
4239
4216
4240
4217
4241
4218
4242
4219
4243
4220
4244
4221
4245
4222
4246
4223
4247
4224
4248
4249
6675
4226
4250
4227
4251
4228
4252
4229
4253
4230
4254
4231
4255
4232
4256
4233
4257
4234
4258
4235
4259
4236
4260
4237
4261
4238
4262
4239
4263
4240
4264
4241
4265
4242
4266
4243
4267
4244
4268
4245
4269
4246
4270
4247
4271
4248
4272
4249
4273
4274
6700
4251
4275
4252
4276
4253
4277
4254
4278
4255
4279
4256
4280
4257
4281
4258
4282
4259
4283
4260
4284
4261
4285
4262
4286
4263
4287
4264
4288
4265
4289
4266
4290
4267
4291
4268
4292
4269
4293
4270
4294
4271
4295
4272
4296
4273
4297
4274
4298
4299
6725
4276
4300
4277
4301
4278
4302
4279
4303
4280
4304
4281
4305
4282
4306
4283
4307
4284
4308
4285
4309
4286
4310
4287
4311
4288
4312
4289
4313
4290
4314
4291
4315
4292
4316
4293
4317
4294
4318
4295
4319
4296
4320
4297
4321
4298
4322
4299
4323
4324
6750
4301
4325
4302
4326
4303
4327
4304
4328
4305
4329
4306
4330
4307
4331
4308
4332
4309
4333
4310
4334
4311
4335
4312
4336
4313
4337
4314
4338
4315
4339
4316
4340
4317
4341
4318
4342
4319
4343
4320
4344
4321
4345
4322
4346
4323
4347
4324
4348
4349
6775
4326
4350
4327
4351
4328
4352
4329
4353
4330
4354
4331
4355
4332
4356
4333
4357
4334
4358
4335
4359
4336
4360
4337
4361
4338
4362
4339
4363
4340
4364
4341
4365
4342
4366
4343
4367
4344
4368
4345
4369
4346
4370
4347
4371
4348
4372
4349
4373
4374
6800
4351
4375
4352
4376
4353
4377
4354
4378
4355
4379
4356
4380
4357
4381
4358
4382
4359
4383
4360
4384
4361
4385
4362
4386
4363
4387
4364
4388
4365
4389
4366
4390
4367
4391
4368
4392
4369
4393
4370
4394
4371
4395
4372
4396
4373
4397
4374
4398
4399
6825
4376
4400
4377
4401
4378
4402
4379
4403
4380
4404
4381
4405
4382
4406
4383
4407
4384
4408
4385
4409
4386
4410
4387
4411
4388
4412
4389
4413
4390
4414
4391
4415
4392
4416
4393
4417
4394
4418
4395
4419
4396
4420
4397
4421
4398
4422
4399
4423
4424
6850
4401
4425
4402
4426
4403
4427
4404
4428
4405
4429
4406
4430
4407
4431
4408
4432
4409
4433
4410
4434
4411
4435
4412
4436
4413
4437
4414
4438
4415
4439
4416
4440
4417
4441
4418
4442
4419
4443
4420
4444
4421
4445
4422
4446
4423
4447
4424
4448
4449
6875
4426
4450
4427
4451
4428
4452
4429
4453
4430
4454
4431
4455
4432
4456
4433
4457
4434
4458
4435
4459
4436
4460
4437
4461
4438
4462
4439
4463
4440
4464
4441
4465
4442
4466
4443
4467
4444
4468
4445
4469
4446
4470
4447
4471
4448
4472
4449
4473
4474
6900
4451
4475
4452
4476
4453
4477
4454
4478
4455
4479
4456
4480
4457
4481
4458
4482
4459
4483
4460
4484
4461
4485
4462
4486
4463
4487
4464
4488
4465
4489
4466
4490
4467
4491
4468
4492
4469
4493
4470
4494
4471
4495
4472
4496
4473
4497
4474
4498
4499
6925
4476
4500
4477
4501
4478
4502
4479
4503
4480
4504
4481
4505
4482
4506
4483
4507
4484
4508
4485
4509
4486
4510
4487
4511
4488
4512
4489
4513
4490
4514
4491
4515
4492
4516
4493
4517
4494
4518
4495
4519
4496
4520
4497
4521
4498
4522
4499
4523
4524
6950
4501
4525
4502
4526
4503
4527
4504
4528
4505
4529
4506
4530
4507
4531
4508
4532
4509
4533
4510
4534
4511
4535
4512
4536
4513
4537
4514
4538
4515
4539
4516
4540
4517
4541
4518
4542
4519
4543
4520
4544
4521
4545
4522
4546
4523
4547
4524
4548
4549
6975
4526
4550
4527
4551
4528
4552
4529
4553
4530
4554
4531
4555
4532
4556
4533
4557
4534
4558
4535
4559
4536
4560
4537
4561
4538
4562
4539
4563
4540
4564
4541
4565
4542
4566
4543
4567
4544
4568
4545
4569
4546
4570
4547
4571
4548
4572
4549
4573
4574
7000
4551
4575
4552
4576
4553
4577
4554
4578
4555
4579
4556
4580
4557
4581
4558
4582
4559
4583
4560
4584
4561
4585
4562
4586
4563
4587
4564
4588
4565
4589
4566
4590
4567
4591
4568
4592
4569
4593
4570
4594
4571
4595
4572
4596
4573
4597
4574
4598
4599
7025
4576
4600
4577
4601
4578
4602
4579
4603
4580
4604
4581
4605
4582
4606
4583
4607
4584
4608
4585
4609
4586
4610
4587
4611
4588
4612
4589
4613
4590
4614
4591
4615
4592
4616
4593
4617
4594
4618
4595
4619
4596
4620
4597
4621
4598
4622
4599
4623
4624
7050
4601
4625
4602
4626
4603
4627
4604
4628
4605
4629
4606
4630
4607
4631
4608
4632
4609
4633
4610
4634
4611
4635
4612
4636
4613
4637
4614
4638
4615
4639
4616
4640
4617
4641
4618
4642
4619
4643
4620
4644
4621
4645
4622
4646
4623
4647
4624
4648
4649
7075
4626
4650
4627
4651
4628
4652
4629
4653
4630
4654
4631
4655
4632
4656
4633
4657
4634
4658
4635
4659
4636
4660
4637
4661
4638
4662
4639
4663
4640
4664
4641
4665
4642
4666
4643
4667
4644
4668
4645
4669
4646
4670
4647
4671
4648
4672
4649
4673
4674
7100
4651
4675
4652
4676
4653
4677
4654
4678
4655
4679
4656
4680
4657
4681
4658
4682
4659
4683
4660
4684
4661
4685
4662
4686
4663
4687
4664
4688
4665
4689
4666
4690
4667
4691
4668
4692
4669
4693
4670
4694
4671
4695
4672
4696
4673
4697
4674
4698
4699
7125
4676
4700
4677
4701
4678
4702
4679
4703
4680
4704
4681
4705
4682
4706
4683
4707
4684
4708
4685
4709
4686
4710
4687
4711
4688
4712
4689
4713
4690
4714
4691
4715
4692
4716
4693
4717
4694
4718
4695
4719
4696
4720
4697
4721
4698
4722
4699
4723
4724
7150
4701
4725
4702
4726
4703
4727
4704
4728
4705
4729
4706
4730
4707
4731
4708
4732
4709
4733
4710
4734
4711
4735
4712
4736
4713
4737
4714
4738
4715
4739
4716
4740
4717
4741
4718
4742
4719
4743
4720
4744
4721
4745
4722
4746
4723
4747
4724
4748
4749
7175
4726
4750
4727
4751
4728
4752
4729
4753
4730
4754
4731
4755
4732
4756
4733
4757
4734
4758
4735
4759
4736
4760
4737
4761
4738
4762
4739
4763
4740
4764
4741
4765
4742
4766
4743
4767
4744
4768
4745
4769
4746
4770
4747
4771
4748
4772
4749
4773
4774
7200
4751
4775
4752
4776
4753
4777
4754
4778
4755
4779
4756
4780
4757
4781
4758
4782
4759
4783
4760
4784
4761
4785
4762
4786
4763
4787
4764
4788
4765
4789
4766
4790
4767
4791
4768
4792
4769
4793
4770
4794
4771
4795
4772
4796
4773
4797
4774
4798
4799
7225
4776
4800
4777
4801
4778
4802
4779
4803
4780
4804
4781
4805
4782
4806
4783
4807
4784
4808
4785
4809
4786
4810
4787
4811
4788
4812
4789
4813
4790
4814
4791
4815
4792
4816
4793
4817
4794
4818
4795
4819
4796
4820
4797
4821
4798
4822
4799
4823
4824
7250
4801
4825
4802
4826
4803
4827
4804
4828
4805
4829
4806
4830
4807
4831
4808
4832
4809
4833
4810
4834
4811
4835
4812
4836
4813
4837
4814
4838
4815
4839
4816
4840
4817
4841
4818
4842
4819
4843
4820
4844
4821
4845
4822
4846
4823
4847
4824
4848
4849
7275
4826
4850
4827
4851
4828
4852
4829
4853
4830
4854
4831
4855
4832
4856
4833
4857
4834
4858
4835
4859
4836
4860
4837
4861
4838
4862
4839
4863
4840
4864
4841
4865
4842
4866
4843
4867
4844
4868
4845
4869
4846
4870
4847
4871
4848
4872
4849
4873
4874
7300
4851
4875
4852
4876
4853
4877
4854
4878
4855
4879
4856
4880
4857
4881
4858
4882
4859
4883
4860
4884
4861
4885
4862
4886
4863
4887
4864
4888
4865
4889
4866
4890
4867
4891
4868
4892
4869
4893
4870
4894
4871
4895
4872
4896
4873
4897
4874
4898
4899
7325
4876
4900
4877
4901
4878
4902
4879
4903
4880
4904
4881
4905
4882
4906
4883
4907
4884
4908
4885
4909
4886
4910
4887
4911
4888
4912
4889
4913
4890
4914
4891
4915
4892
4916
4893
4917
4894
4918
4895
4919
4896
4920
4897
4921
4898
4922
4899
4923
4924
7350
4901
4925
4902
4926
4903
4927
4904
4928
4905
4929
4906
4930
4907
4931
4908
4932
4909
4933
4910
4934
4911
4935
4912
4936
4913
4937
4914
4938
4915
4939
4916
4940
4917
4941
4918
4942
4919
4943
4920
4944
4921
4945
4922
4946
4923
4947
4924
4948
4949
7375
4926
4927
4928
4929
4930
4931
4932
4933
4934
4935
4936
4937
4938
4939
4940
4941
4942
4943
4944
4945
4946
4947
4948
4949
7400
4951
4975
4952
4976
4953
4977
4954
4978
4955
4979
4956
4980
4957
4981
4958
4982
4959
4983
4960
4984
4961
4985
4962
4986
4963
4987
4964
4988
4965
4989
4966
4990
4967
4991
4968
4992
4969
4993
4970
4994
4971
4995
4972
4996
4973
4997
4974
4998
4999
7425
4976
5000
4977
5001
4978
5002
4979
5003
4980
5004
4981
5005
4982
5006
4983
5007
4984
5008
4985
5009
4986
5010
4987
5011
4988
5012
4989
5013
4990
5014
4991
5015
4992
5016
4993
5017
4994
5018
4995
5019
4996
5020
4997
5021
4998
5022
4999
5023
5024
7450
5001
5025
5002
5026
5003
5027
5004
5028
5005
5029
5006
5030
5007
5031
5008
5032
5009
5033
5010
5034
5011
5035
5012
5036
5013
5037
5014
5038
5015
5039
5016
5040
5017
5041
5018
5042
5019
5043
5020
5044
5021
5045
5022
5046
5023
5047
5024
5048
5049
7475
5026
5050
5027
5051
5028
5052
5029
5053
5030
5054
5031
5055
5032
5056
5033
5057
5034
5058
5035
5059
5036
5060
5037
5061
5038
5062
5039
5063
5040
5064
5041
5065
5042
5066
5043
5067
5044
5068
5045
5069
5046
5070
5047
5071
5048
5072
5049
5073
5074
7500
5051
5075
5052
5076
5053
5077
5054
5078
5055
5079
5056
5080
5057
5081
5058
5082
5059
5083
5060
5084
5061
5085
5062
5086
5063
5087
5064
5088
5065
5089
5066
5090
5067
5091
5068
5092
5069
5093
5070
5094
5071
5095
5072
5096
5073
5097
5074
5098
5099
7525
5076
5100
5077
5101
5078
5102
5079
5103
5080
5104
5081
5105
5082
5106
5083
5107
5084
5108
5085
5109
5086
5110
5087
5111
5088
5112
5089
5113
5090
5114
5091
5115
5092
5116
5093
5117
5094
5118
5095
5119
5096
5120
5097
5121
5098
5122
5099
5123
5124
7550
5101
5125
5102
5126
5103
5127
5104
5128
5105
5129
5106
5130
5107
5131
5108
5132
5109
5133
5110
5134
5111
5135
5112
5136
5113
5137
5114
5138
5115
5139
5116
5140
5117
5141
5118
5142
5119
5143
5120
5144
5121
5145
5122
5146
5123
5147
5124
5148
5149
7575
5126
5150
5127
5151
5128
5152
5129
5153
5130
5154
5131
5155
5132
5156
5133
5157
5134
5158
5135
5159
5136
5160
5137
5161
5138
5162
5139
5163
5140
5164
5141
5165
5142
5166
5143
5167
5144
5168
5145
5169
5146
5170
5147
5171
5148
5172
5149
5173
5174
7600
5151
5175
5152
5176
5153
5177
5154
5178
5155
5179
5156
5180
5157
5181
5158
5182
5159
5183
5160
5184
5161
5185
5162
5186
5163
5187
5164
5188
5165
5189
5166
5190
5167
5191
5168
5192
5169
5193
5170
5194
5171
5195
5172
5196
5173
5197
5174
5198
5199
7625
5176
5200
5177
5201
5178
5202
5179
5203
5180
5204
5181
5205
5182
5206
5183
5207
5184
5208
5185
5209
5186
5210
5187
5211
5188
5212
5189
5213
5190
5214
5191
5215
5192
5216
5193
5217
5194
5218
5195
5219
5196
5220
5197
5221
5198
5222
5199
5223
5224
7650
5201
5225
5202
5226
5203
5227
5204
5228
5205
5229
5206
5230
5207
5231
5208
5232
5209
5233
5210
5234
5211
5235
5212
5236
5213
5237
5214
5238
5215
5239
5216
5240
5217
5241
5218
5242
5219
5243
5220
5244
5221
5245
5222
5246
5223
5247
5224
5248
5249
7675
5226
5250
5227
5251
5228
5252
5229
5253
5230
5254
5231
5255
5232
5256
5233
5257
5234
5258
5235
5259
5236
5260
5237
5261
5238
5262
5239
5263
5240
5264
5241
5265
5242
5266
5243
5267
5244
5268
5245
5269
5246
5270
5247
5271
5248
5272
5249
5273
5274
7700
5251
5275
5252
5276
5253
5277
5254
5278
5255
5279
5256
5280
5257
5281
5258
5282
5259
5283
5260
5284
5261
5285
5262
5286
5263
5287
5264
5288
5265
5289
5266
5290
5267
5291
5268
5292
5269
5293
5270
5294
5271
5295
5272
5296
5273
5297
5274
5298
5299
7725
5276
5300
5277
5301
5278
5302
5279
5303
5280
5304
5281
5305
5282
5306
5283
5307
5284
5308
5285
5309
5286
5310
5287
5311
5288
5312
5289
5313
5290
5314
5291
5315
5292
5316
5293
5317
5294
5318
5295
5319
5296
5320
5297
5321
5298
5322
5299
5323
5324
7750
5301
5325
5302
5326
5303
5327
5304
5328
5305
5329
5306
5330
5307
5331
5308
5332
5309
5333
5310
5334
5311
5335
5312
5336
5313
5337
5314
5338
5315
5339
5316
5340
5317
5341
5318
5342
5319
5343
5320
5344
5321
5345
5322
5346
5323
5347
5324
5348
5349
7775
5326
5350
5327
5351
5328
5352
5329
5353
5330
5354
5331
5355
5332
5356
5333
5357
5334
5358
5335
5359
5336
5360
5337
5361
5338
5362
5339
5363
5340
5364
5341
5365
5342
5366
5343
5367
5344
5368
5345
5369
5346
5370
5347
5371
5348
5372
5349
5373
5374
7800
5351
5375
5352
5376
5353
5377
5354
5378
5355
5379
5356
5380
5357
5381
5358
5382
5359
5383
5360
5384
5361
5385
5362
5386
5363
5387
5364
5388
5365
5389
5366
5390
5367
5391
5368
5392
5369
5393
5370
5394
5371
5395
5372
5396
5373
5397
5374
5398
5399
7825
5376
5400
5377
5401
5378
5402
5379
5403
5380
5404
5381
5405
5382
5406
5383
5407
5384
5408
5385
5409
5386
5410
5387
5411
5388
5412
5389
5413
5390
5414
5391
5415
5392
5416
5393
5417
5394
5418
5395
5419
5396
5420
5397
5421
5398
5422
5399
5423
5424
7850
5401
5425
5402
5426
5403
5427
5404
5428
5405
5429
5406
5430
5407
5431
5408
5432
5409
5433
5410
5434
5411
5435
5412
5436
5413
5437
5414
5438
5415
5439
5416
5440
5417
5441
5418
5442
5419
5443
5420
5444
5421
5445
5422
5446
5423
5447
5424
5448
5449
7875
5426
5450
5427
5451
5428
5452
5429
5453
5430
5454
5431
5455
5432
5456
5433
5457
5434
5458
5435
5459
5436
5460
5437
5461
5438
5462
5439
5463
5440
5464
5441
5465
5442
5466
5443
5467
5444
5468
5445
5469
5446
5470
5447
5471
5448
5472
5449
5473
5474
7900
5451
5475
5452
5476
5453
5477
5454
5478
5455
5479
5456
5480
5457
5481
5458
5482
5459
5483
5460
5484
5461
5485
5462
5486
5463
5487
5464
5488
5465
5489
5466
5490
5467
5491
5468
5492
5469
5493
5470
5494
5471
5495
5472
5496
5473
5497
5474
5498
5499
7925
5476
5500
5477
5501
5478
5502
5479
5503
5480
5504
5481
5505
5482
5506
5483
5507
5484
5508
5485
5509
5486
5510
5487
5511
5488
5512
5489
5513
5490
5514
5491
5515
5492
5516
5493
5517
5494
5518
5495
5519
5496
5520
5497
5521
5498
5522
5499
5523
5524
7950
5501
5525
5502
5526
5503
5527
5504
5528
5505
5529
5506
5530
5507
5531
5508
5532
5509
5533
5510
5534
5511
5535
5512
5536
5513
5537
5514
5538
5515
5539
5516
5540
5517
5541
5518
5542
5519
5543
5520
5544
5521
5545
5522
5546
5523
5547
5524
5548
5549
7975
5526
5550
5527
5551
5528
5552
5529
5553
5530
5554
5531
5555
5532
5556
5533
5557
5534
5558
5535
5559
5536
5560
5537
5561
5538
5562
5539
5563
5540
5564
5541
5565
5542
5566
5543
5567
5544
5568
5545
5569
5546
5570
5547
5571
5548
5572
5549
5573
5574
8000
5551
5575
5552
5576
5553
5577
5554
5578
5555
5579
5556
5580
5557
5581
5558
5582
5559
5583
5560
5584
5561
5585
5562
5586
5563
5587
5564
5588
5565
5589
5566
5590
5567
5591
5568
5592
5569
5593
5570
5594
5571
5595
5572
5596
5573
5597
5574
5598
5599
8025
5576
5600
5577
5601
5578
5602
5579
5603
5580
5604
5581
5605
5582
5606
5583
5607
5584
5608
5585
5609
5586
5610
5587
5611
5588
5612
5589
5613
5590
5614
5591
5615
5592
5616
5593
5617
5594
5618
5595
5619
5596
5620
5597
5621
5598
5622
5599
5623
5624
8050
5601
5625
5602
5626
5603
5627
5604
5628
5605
5629
5606
5630
5607
5631
5608
5632
5609
5633
5610
5634
5611
5635
5612
5636
5613
5637
5614
5638
5615
5639
5616
5640
5617
5641
5618
5642
5619
5643
5620
5644
5621
5645
5622
5646
5623
5647
5624
5648
5649
8075
5626
5650
5627
5651
5628
5652
5629
5653
5630
5654
5631
5655
5632
5656
5633
5657
5634
5658
5635
5659
5636
5660
5637
5661
5638
5662
5639
5663
5640
5664
5641
5665
5642
5666
5643
5667
5644
5668
5645
5669
5646
5670
5647
5671
5648
5672
5649
5673
5674
8100
5651
5675
5652
5676
5653
5677
5654
5678
5655
5679
5656
5680
5657
5681
5658
5682
5659
5683
5660
5684
5661
5685
5662
5686
5663
5687
5664
5688
5665
5689
5666
5690
5667
5691
5668
5692
5669
5693
5670
5694
5671
5695
5672
5696
5673
5697
5674
5698
5699
8125
5676
5700
5677
5701
5678
5702
5679
5703
5680
5704
5681
5705
5682
5706
5683
5707
5684
5708
5685
5709
5686
5710
5687
5711
5688
5712
5689
5713
5690
5714
5691
5715
5692
5716
5693
5717
5694
5718
5695
5719
5696
5720
5697
5721
5698
5722
5699
5723
5724
8150
5701
5725
5702
5726
5703
5727
5704
5728
5705
5729
5706
5730
5707
5731
5708
5732
5709
5733
5710
5734
5711
5735
5712
5736
5713
5737
5714
5738
5715
5739
5716
5740
5717
5741
5718
5742
5719
5743
5720
5744
5721
5745
5722
5746
5723
5747
5724
5748
5749
8175
5726
5750
5727
5751
5728
5752
5729
5753
5730
5754
5731
5755
5732
5756
5733
5757
5734
5758
5735
5759
5736
5760
5737
5761
5738
5762
5739
5763
5740
5764
5741
5765
5742
5766
5743
5767
5744
5768
5745
5769
5746
5770
5747
5771
5748
5772
5749
5773
5774
8200
5751
5775
5752
5776
5753
5777
5754
5778
5755
5779
5756
5780
5757
5781
5758
5782
5759
5783
5760
5784
5761
5785
5762
5786
5763
5787
5764
5788
5765
5789
5766
5790
5767
5791
5768
5792
5769
5793
5770
5794
5771
5795
5772
5796
5773
5797
5774
5798
5799
8225
5776
5800
5777
5801
5778
5802
5779
5803
5780
5804
5781
5805
5782
5806
5783
5807
5784
5808
5785
5809
5786
5810
5787
5811
5788
5812
5789
5813
5790
5814
5791
5815
5792
5816
5793
5817
5794
5818
5795
5819
5796
5820
5797
5821
5798
5822
5799
5823
5824
8250
5801
5825
5802
5826
5803
5827
5804
5828
5805
5829
5806
5830
5807
5831
5808
5832
5809
5833
5810
5834
5811
5835
5812
5836
5813
5837
5814
5838
5815
5839
5816
5840
5817
5841
5818
5842
5819
5843
5820
5844
5821
5845
5822
5846
5823
5847
5824
5848
5849
8275
5826
5850
5827
5851
5828
5852
5829
5853
5830
5854
5831
5855
5832
5856
5833
5857
5834
5858
5835
5859
5836
5860
5837
5861
5838
5862
5839
5863
5840
5864
5841
5865
5842
5866
5843
5867
5844
5868
5845
5869
5846
5870
5847
5871
5848
5872
5849
5873
5874
8300
5851
5875
5852
5876
5853
5877
5854
5878
5855
5879
5856
5880
5857
5881
5858
5882
5859
5883
5860
5884
5861
5885
5862
5886
5863
5887
5864
5888
5865
5889
5866
5890
5867
5891
5868
5892
5869
5893
5870
5894
5871
5895
5872
5896
5873
5897
5874
5898
5899
8325
5876
5900
5877
5901
5878
5902
5879
5903
5880
5904
5881
5905
5882
5906
5883
5907
5884
5908
5885
5909
5886
5910
5887
5911
5888
5912
5889
5913
5890
5914
5891
5915
5892
5916
5893
5917
5894
5918
5895
5919
5896
5920
5897
5921
5898
5922
5899
5923
5924
8350
5901
5925
5902
5926
5903
5927
5904
5928
5905
5929
5906
5930
5907
5931
5908
5932
5909
5933
5910
5934
5911
5935
5912
5936
5913
5937
5914
5938
5915
5939
5916
5940
5917
5941
5918
5942
5919
5943
5920
5944
5921
5945
5922
5946
5923
5947
5924
5948
5949
8375
5926
5950
5927
5951
5928
5952
5929
5953
5930
5954
5931
5955
5932
5956
5933
5957
5934
5958
5935
5959
5936
5960
5937
5961
5938
5962
5939
5963
5940
5964
5941
5965
5942
5966
5943
5967
5944
5968
5945
5969
5946
5970
5947
5971
5948
5972
5949
5973
5974
8400
5951
5975
5952
5976
5953
5977
5954
5978
5955
5979
5956
5980
5957
5981
5958
5982
5959
5983
5960
5984
5961
5985
5962
5986
5963
5987
5964
5988
5965
5989
5966
5990
5967
5991
5968
5992
5969
5993
5970
5994
5971
5995
5972
5996
5973
5997
5974
5998
5999
8425
5976
6000
5977
6001
5978
6002
5979
6003
5980
6004
5981
6005
5982
6006
5983
6007
5984
6008
5985
6009
5986
6010
5987
6011
5988
6012
5989
6013
5990
6014
5991
6015
5992
6016
5993
6017
5994
6018
5995
6019
5996
6020
5997
6021
5998
6022
5999
6023
6024
8450
6001
6025
6002
6026
6003
6027
6004
6028
6005
6029
6006
6030
6007
6031
6008
6032
6009
6033
6010
6034
6011
6035
6012
6036
6013
6037
6014
6038
6015
6039
6016
6040
6017
6041
6018
6042
6019
6043
6020
6044
6021
6045
6022
6046
6023
6047
6024
6048
6049
8475
6026
6050
6027
6051
6028
6052
6029
6053
6030
6054
6031
6055
6032
6056
6033
6057
6034
6058
6035
6059
6036
6060
6037
6061
6038
6062
6039
6063
6040
6064
6041
6065
6042
6066
6043
6067
6044
6068
6045
6069
6046
6070
6047
6071
6048
6072
6049
6073
6074
8500
6051
6075
6052
6076
6053
6077
6054
6078
6055
6079
6056
6080
6057
6081
6058
6082
6059
6083
6060
6084
6061
6085
6062
6086
6063
6087
6064
6088
6065
6089
6066
6090
6067
6091
6068
6092
6069
6093
6070
6094
6071
6095
6072
6096
6073
6097
6074
6098
6099
8525
6076
6100
6077
6101
6078
6102
6079
6103
6080
6104
6081
6105
6082
6106
6083
6107
6084
6108
6085
6109
6086
6110
6087
6111
6088
6112
6089
6113
6090
6114
6091
6115
6092
6116
6093
6117
6094
6118
6095
6119
6096
6120
6097
6121
6098
6122
6099
6123
6124
8550
6101
6125
6102
6126
6103
6127
6104
6128
6105
6129
6106
6130
6107
6131
6108
6132
6109
6133
6110
6134
6111
6135
6112
6136
6113
6137
6114
6138
6115
6139
6116
6140
6117
6141
6118
6142
6119
6143
6120
6144
6121
6145
6122
6146
6123
6147
6124
6148
6149
8575
6126
6150
6127
6151
6128
6152
6129
6153
6130
6154
6131
6155
6132
6156
6133
6157
6134
6158
6135
6159
6136
6160
6137
6161
6138
6162
6139
6163
6140
6164
6141
6165
6142
6166
6143
6167
6144
6168
6145
6169
6146
6170
6147
6171
6148
6172
6149
6173
6174
8600
6151
6175
6152
6176
6153
6177
6154
6178
6155
6179
6156
6180
6157
6181
6158
6182
6159
6183
6160
6184
6161
6185
6162
6186
6163
6187
6164
6188
6165
6189
6166
6190
6167
6191
6168
6192
6169
6193
6170
6194
6171
6195
6172
6196
6173
6197
6174
6198
6199
8625
6176
6200
6177
6201
6178
6202
6179
6203
6180
6204
6181
6205
6182
6206
6183
6207
6184
6208
6185
6209
6186
6210
6187
6211
6188
6212
6189
6213
6190
6214
6191
6215
6192
6216
6193
6217
6194
6218
6195
6219
6196
6220
6197
6221
6198
6222
6199
6223
6224
8650
6201
6225
6202
6226
6203
6227
6204
6228
6205
6229
6206
6230
6207
6231
6208
6232
6209
6233
6210
6234
6211
6235
6212
6236
6213
6237
6214
6238
6215
6239
6216
6240
6217
6241
6218
6242
6219
6243
6220
6244
6221
6245
6222
6246
6223
6247
6224
6248
6249
8675
6226
6250
6227
6251
6228
6252
6229
6253
6230
6254
6231
6255
6232
6256
6233
6257
6234
6258
6235
6259
6236
6260
6237
6261
6238
6262
6239
6263
6240
6264
6241
6265
6242
6266
6243
6267
6244
6268
6245
6269
6246
6270
6247
6271
6248
6272
6249
6273
6274
8700
6251
6275
6252
6276
6253
6277
6254
6278
6255
6279
6256
6280
6257
6281
6258
6282
6259
6283
6260
6284
6261
6285
6262
6286
6263
6287
6264
6288
6265
6289
6266
6290
6267
6291
6268
6292
6269
6293
6270
6294
6271
6295
6272
6296
6273
6297
6274
6298
6299
8725
6276
6300
6277
6301
6278
6302
6279
6303
6280
6304
6281
6305
6282
6306
6283
6307
6284
6308
6285
6309
6286
6310
6287
6311
6288
6312
6289
6313
6290
6314
6291
6315
6292
6316
6293
6317
6294
6318
6295
6319
6296
6320
6297
6321
6298
6322
6299
6323
6324
8750
6301
6325
6302
6326
6303
6327
6304
6328
6305
6329
6306
6330
6307
6331
6308
6332
6309
6333
6310
6334
6311
6335
6312
6336
6313
6337
6314
6338
6315
6339
6316
6340
6317
6341
6318
6342
6319
6343
6320
6344
6321
6345
6322
6346
6323
6347
6324
6348
6349
8775
6326
6350
6327
6351
6328
6352
6329
6353
6330
6354
6331
6355
6332
6356
6333
6357
6334
6358
6335
6359
6336
6360
6337
6361
6338
6362
6339
6363
6340
6364
6341
6365
6342
6366
6343
6367
6344
6368
6345
6369
6346
6370
6347
6371
6348
6372
6349
6373
6374
8800
6351
6375
6352
6376
6353
6377
6354
6378
6355
6379
6356
6380
6357
6381
6358
6382
6359
6383
6360
6384
6361
6385
6362
6386
6363
6387
6364
6388
6365
6389
6366
6390
6367
6391
6368
6392
6369
6393
6370
6394
6371
6395
6372
6396
6373
6397
6374
6398
6399
8825
6376
6400
6377
6401
6378
6402
6379
6403
6380
6404
6381
6405
6382
6406
6383
6407
6384
6408
6385
6409
6386
6410
6387
6411
6388
6412
6389
6413
6390
6414
6391
6415
6392
6416
6393
6417
6394
6418
6395
6419
6396
6420
6397
6421
6398
6422
6399
6423
6424
8850
6401
6425
6402
6426
6403
6427
6404
6428
6405
6429
6406
6430
6407
6431
6408
6432
6409
6433
6410
6434
6411
6435
6412
6436
6413
6437
6414
6438
6415
6439
6416
6440
6417
6441
6418
6442
6419
6443
6420
6444
6421
6445
6422
6446
6423
6447
6424
6448
6449
8875
6426
6450
6427
6451
6428
6452
6429
6453
6430
6454
6431
6455
6432
6456
6433
6457
6434
6458
6435
6459
6436
6460
6437
6461
6438
6462
6439
6463
6440
6464
6441
6465
6442
6466
6443
6467
6444
6468
6445
6469
6446
6470
6447
6471
6448
6472
6449
6473
6474
8900
6451
6475
6452
6476
6453
6477
6454
6478
6455
6479
6456
6480
6457
6481
6458
6482
6459
6483
6460
6484
6461
6485
6462
6486
6463
6487
6464
6488
6465
6489
6466
6490
6467
6491
6468
6492
6469
6493
6470
6494
6471
6495
6472
6496
6473
6497
6474
6498
6499
8925
6476
6500
6477
6501
6478
6502
6479
6503
6480
6504
6481
6505
6482
6506
6483
6507
6484
6508
6485
6509
6486
6510
6487
6511
6488
6512
6489
6513
6490
6514
6491
6515
6492
6516
6493
6517
6494
6518
6495
6519
6496
6520
6497
6521
6498
6522
6499
6523
6524
8950
6501
6525
6502
6526
6503
6527
6504
6528
6505
6529
6506
6530
6507
6531
6508
6532
6509
6533
6510
6534
6511
6535
6512
6536
6513
6537
6514
6538
6515
6539
6516
6540
6517
6541
6518
6542
6519
6543
6520
6544
6521
6545
6522
6546
6523
6547
6524
6548
6549
8975
6526
6550
6527
6551
6528
6552
6529
6553
6530
6554
6531
6555
6532
6556
6533
6557
6534
6558
6535
6559
6536
6560
6537
6561
6538
6562
6539
6563
6540
6564
6541
6565
6542
6566
6543
6567
6544
6568
6545
6569
6546
6570
6547
6571
6548
6572
6549
6573
6574
9000
6551
6575
6552
6576
6553
6577
6554
6578
6555
6579
6556
6580
6557
6581
6558
6582
6559
6583
6560
6584
6561
6585
6562
6586
6563
6587
6564
6588
6565
6589
6566
6590
6567
6591
6568
6592
6569
6593
6570
6594
6571
6595
6572
6596
6573
6597
6574
6598
6599
9025
6576
6600
6577
6601
6578
6602
6579
6603
6580
6604
6581
6605
6582
6606
6583
6607
6584
6608
6585
6609
6586
6610
6587
6611
6588
6612
6589
6613
6590
6614
6591
6615
6592
6616
6593
6617
6594
6618
6595
6619
6596
6620
6597
6621
6598
6622
6599
6623
6624
9050
6601
6625
6602
6626
6603
6627
6604
6628
6605
6629
6606
6630
6607
6631
6608
6632
6609
6633
6610
6634
6611
6635
6612
6636
6613
6637
6614
6638
6615
6639
6616
6640
6617
6641
6618
6642
6619
6643
6620
6644
6621
6645
6622
6646
6623
6647
6624
6648
6649
9075
6626
6650
6627
6651
6628
6652
6629
6653
6630
6654
6631
6655
6632
6656
6633
6657
6634
6658
6635
6659
6636
6660
6637
6661
6638
6662
6639
6663
6640
6664
6641
6665
6642
6666
6643
6667
6644
6668
6645
6669
6646
6670
6647
6671
6648
6672
6649
6673
6674
9100
6651
6675
6652
6676
6653
6677
6654
6678
6655
6679
6656
6680
6657
6681
6658
6682
6659
6683
6660
6684
6661
6685
6662
6686
6663
6687
6664
6688
6665
6689
6666
6690
6667
6691
6668
6692
6669
6693
6670
6694
6671
6695
6672
6696
6673
6697
6674
6698
6699
9125
6676
6700
6677
6701
6678
6702
6679
6703
6680
6704
6681
6705
6682
6706
6683
6707
6684
6708
6685
6709
6686
6710
6687
6711
6688
6712
6689
6713
6690
6714
6691
6715
6692
6716
6693
6717
6694
6718
6695
6719
6696
6720
6697
6721
6698
6722
6699
6723
6724
9150
6701
6725
6702
6726
6703
6727
6704
6728
6705
6729
6706
6730
6707
6731
6708
6732
6709
6733
6710
6734
6711
6735
6712
6736
6713
6737
6714
6738
6715
6739
6716
6740
6717
6741
6718
6742
6719
6743
6720
6744
6721
6745
6722
6746
6723
6747
6724
6748
6749
9175
6726
6750
6727
6751
6728
6752
6729
6753
6730
6754
6731
6755
6732
6756
6733
6757
6734
6758
6735
6759
6736
6760
6737
6761
6738
6762
6739
6763
6740
6764
6741
6765
6742
6766
6743
6767
6744
6768
6745
6769
6746
6770
6747
6771
6748
6772
6749
6773
6774
9200
6751
6775
6752
6776
6753
6777
6754
6778
6755
6779
6756
6780
6757
6781
6758
6782
6759
6783
6760
6784
6761
6785
6762
6786
6763
6787
6764
6788
6765
6789
6766
6790
6767
6791
6768
6792
6769
6793
6770
6794
6771
6795
6772
6796
6773
6797
6774
6798
6799
9225
6776
6800
6777
6801
6778
6802
6779
6803
6780
6804
6781
6805
6782
6806
6783
6807
6784
6808
6785
6809
6786
6810
6787
6811
6788
6812
6789
6813
6790
6814
6791
6815
6792
6816
6793
6817
6794
6818
6795
6819
6796
6820
6797
6821
6798
6822
6799
6823
6824
9250
6801
6825
6802
6826
6803
6827
6804
6828
6805
6829
6806
6830
6807
6831
6808
6832
6809
6833
6810
6834
6811
6835
6812
6836
6813
6837
6814
6838
6815
6839
6816
6840
6817
6841
6818
6842
6819
6843
6820
6844
6821
6845
6822
6846
6823
6847
6824
6848
6849
9275
6826
6850
6827
6851
6828
6852
6829
6853
6830
6854
6831
6855
6832
6856
6833
6857
6834
6858
6835
6859
6836
6860
6837
6861
6838
6862
6839
6863
6840
6864
6841
6865
6842
6866
6843
6867
6844
6868
6845
6869
6846
6870
6847
6871
6848
6872
6849
6873
6874
9300
6851
6875
6852
6876
6853
6877
6854
6878
6855
6879
6856
6880
6857
6881
6858
6882
6859
6883
6860
6884
6861
6885
6862
6886
6863
6887
6864
6888
6865
6889
6866
6890
6867
6891
6868
6892
6869
6893
6870
6894
6871
6895
6872
6896
6873
6897
6874
6898
6899
9325
6876
6900
6877
6901
6878
6902
6879
6903
6880
6904
6881
6905
6882
6906
6883
6907
6884
6908
6885
6909
6886
6910
6887
6911
6888
6912
6889
6913
6890
6914
6891
6915
6892
6916
6893
6917
6894
6918
6895
6919
6896
6920
6897
6921
6898
6922
6899
6923
6924
9350
6901
6925
6902
6926
6903
6927
6904
6928
6905
6929
6906
6930
6907
6931
6908
6932
6909
6933
6910
6934
6911
6935
6912
6936
6913
6937
6914
6938
6915
6939
6916
6940
6917
6941
6918
6942
6919
6943
6920
6944
6921
6945
6922
6946
6923
6947
6924
6948
6949
9375
6926
6950
6927
6951
6928
6952
6929
6953
6930
6954
6931
6955
6932
6956
6933
6957
6934
6958
6935
6959
6936
6960
6937
6961
6938
6962
6939
6963
6940
6964
6941
6965
6942
6966
6943
6967
6944
6968
6945
6969
6946
6970
6947
6971
6948
6972
6949
6973
6974
9400
6951
6975
6952
6976
6953
6977
6954
6978
6955
6979
6956
6980
6957
6981
6958
6982
6959
6983
6960
6984
6961
6985
6962
6986
6963
6987
6964
6988
6965
6989
6966
6990
6967
6991
6968
6992
6969
6993
6970
6994
6971
6995
6972
6996
6973
6997
6974
6998
6999
9425
6976
7000
6977
7001
6978
7002
6979
7003
6980
7004
6981
7005
6982
7006
6983
7007
6984
7008
6985
7009
6986
7010
6987
7011
6988
7012
6989
7013
6990
7014
6991
7015
6992
7016
6993
7017
6994
7018
6995
7019
6996
7020
6997
7021
6998
7022
6999
7023
7024
9450
7001
7025
7002
7026
7003
7027
7004
7028
7005
7029
7006
7030
7007
7031
7008
7032
7009
7033
7010
7034
7011
7035
7012
7036
7013
7037
7014
7038
7015
7039
7016
7040
7017
7041
7018
7042
7019
7043
7020
7044
7021
7045
7022
7046
7023
7047
7024
7048
7049
9475
7026
7050
7027
7051
7028
7052
7029
7053
7030
7054
7031
7055
7032
7056
7033
7057
7034
7058
7035
7059
7036
7060
7037
7061
7038
7062
7039
7063
7040
7064
7041
7065
7042
7066
7043
7067
7044
7068
7045
7069
7046
7070
7047
7071
7048
7072
7049
7073
7074
9500
7051
7075
7052
7076
7053
7077
7054
7078
7055
7079
7056
7080
7057
7081
7058
7082
7059
7083
7060
7084
7061
7085
7062
7086
7063
7087
7064
7088
7065
7089
7066
7090
7067
7091
7068
7092
7069
7093
7070
7094
7071
7095
7072
7096
7073
7097
7074
7098
7099
9525
7076
7100
7077
7101
7078
7102
7079
7103
7080
7104
7081
7105
7082
7106
7083
7107
7084
7108
7085
7109
7086
7110
7087
7111
7088
7112
7089
7113
7090
7114
7091
7115
7092
7116
7093
7117
7094
7118
7095
7119
7096
7120
7097
7121
7098
7122
7099
7123
7124
9550
7101
7125
7102
7126
7103
7127
7104
7128
7105
7129
7106
7130
7107
7131
7108
7132
7109
7133
7110
7134
7111
7135
7112
7136
7113
7137
7114
7138
7115
7139
7116
7140
7117
7141
7118
7142
7119
7143
7120
7144
7121
7145
7122
7146
7123
7147
7124
7148
7149
9575
7126
7150
7127
7151
7128
7152
7129
7153
7130
7154
7131
7155
7132
7156
7133
7157
7134
7158
7135
7159
7136
7160
7137
7161
7138
7162
7139
7163
7140
7164
7141
7165
7142
7166
7143
7167
7144
7168
7145
7169
7146
7170
7147
7171
7148
7172
7149
7173
7174
9600
7151
7175
7152
7176
7153
7177
7154
7178
7155
7179
7156
7180
7157
7181
7158
7182
7159
7183
7160
7184
7161
7185
7162
7186
7163
7187
7164
7188
7165
7189
7166
7190
7167
7191
7168
7192
7169
7193
7170
7194
7171
7195
7172
7196
7173
7197
7174
7198
7199
9625
7176
7200
7177
7201
7178
7202
7179
7203
7180
7204
7181
7205
7182
7206
7183
7207
7184
7208
7185
7209
7186
7210
7187
7211
7188
7212
7189
7213
7190
7214
7191
7215
7192
7216
7193
7217
7194
7218
7195
7219
7196
7220
7197
7221
7198
7222
7199
7223
7224
9650
7201
7225
7202
7226
7203
7227
7204
7228
7205
7229
7206
7230
7207
7231
7208
7232
7209
7233
7210
7234
7211
7235
7212
7236
7213
7237
7214
7238
7215
7239
7216
7240
7217
7241
7218
7242
7219
7243
7220
7244
7221
7245
7222
7246
7223
7247
7224
7248
7249
9675
7226
7250
7227
7251
7228
7252
7229
7253
7230
7254
7231
7255
7232
7256
7233
7257
7234
7258
7235
7259
7236
7260
7237
7261
7238
7262
7239
7263
7240
7264
7241
7265
7242
7266
7243
7267
7244
7268
7245
7269
7246
7270
7247
7271
7248
7272
7249
7273
7274
9700
7251
7275
7252
7276
7253
7277
7254
7278
7255
7279
7256
7280
7257
7281
7258
7282
7259
7283
7260
7284
7261
7285
7262
7286
7263
7287
7264
7288
7265
7289
7266
7290
7267
7291
7268
7292
7269
7293
7270
7294
7271
7295
7272
7296
7273
7297
7274
7298
7299
9725
7276
7300
7277
7301
7278
7302
7279
7303
7280
7304
7281
7305
7282
7306
7283
7307
7284
7308
7285
7309
7286
7310
7287
7311
7288
7312
7289
7313
7290
7314
7291
7315
7292
7316
7293
7317
7294
7318
7295
7319
7296
7320
7297
7321
7298
7322
7299
7323
7324
9750
7301
7325
7302
7326
7303
7327
7304
7328
7305
7329
7306
7330
7307
7331
7308
7332
7309
7333
7310
7334
7311
7335
7312
7336
7313
7337
7314
7338
7315
7339
7316
7340
7317
7341
7318
7342
7319
7343
7320
7344
7321
7345
7322
7346
7323
7347
7324
7348
7349
9775
7326
7350
7327
7351
7328
7352
7329
7353
7330
7354
7331
7355
7332
7356
7333
7357
7334
7358
7335
7359
7336
7360
7337
7361
7338
7362
7339
7363
7340
7364
7341
7365
7342
7366
7343
7367
7344
7368
7345
7369
7346
7370
7347
7371
7348
7372
7349
7373
7374
9800
7351
7375
7352
7376
7353
7377
7354
7378
7355
7379
7356
7380
7357
7381
7358
7382
7359
7383
7360
7384
7361
7385
7362
7386
7363
7387
7364
7388
7365
7389
7366
7390
7367
7391
7368
7392
7369
7393
7370
7394
7371
7395
7372
7396
7373
7397
7374
7398
7399
9825
7376
7400
7377
7401
7378
7402
7379
7403
7380
7404
7381
7405
7382
7406
7383
7407
7384
7408
7385
7409
7386
7410
7387
7411
7388
7412
7389
7413
7390
7414
7391
7415
7392
7416
7393
7417
7394
7418
7395
7419
7396
7420
7397
7421
7398
7422
7399
7423
7424
9850
7401
7402
7403
7404
7405
7406
7407
7408
7409
7410
7411
7412
7413
7414
7415
7416
7417
7418
7419
7420
7421
7422
7423
7424
9875
7426
7450
7427
7451
7428
7452
7429
7453
7430
7454
7431
7455
7432
7456
7433
7457
7434
7458
7435
7459
7436
7460
7437
7461
7438
7462
7439
7463
7440
7464
7441
7465
7442
7466
7443
7467
7444
7468
7445
7469
7446
7470
7447
7471
7448
7472
7449
7473
7474
7451
7475
7452
7476
7453
7477
7454
7478
7455
7479
7456
7480
7457
7481
7458
7482
7459
7483
7460
7484
7461
7485
7462
7486
7463
7487
7464
7488
7465
7489
7466
7490
7467
7491
7468
7492
7469
7493
7470
7494
7471
7495
7472
7496
7473
7497
7474
7498
7499
7476
7500
7477
7501
7478
7502
7479
7503
7480
7504
7481
7505
7482
7506
7483
7507
7484
7508
7485
7509
7486
7510
7487
7511
7488
7512
7489
7513
7490
7514
7491
7515
7492
7516
7493
7517
7494
7518
7495
7519
7496
7520
7497
7521
7498
7522
7499
7523
7524
7501
7525
7502
7526
7503
7527
7504
7528
7505
7529
7506
7530
7507
7531
7508
7532
7509
7533
7510
7534
7511
7535
7512
7536
7513
7537
7514
7538
7515
7539
7516
7540
7517
7541
7518
7542
7519
7543
7520
7544
7521
7545
7522
7546
7523
7547
7524
7548
7549
7526
7550
7527
7551
7528
7552
7529
7553
7530
7554
7531
7555
7532
7556
7533
7557
7534
7558
7535
7559
7536
7560
7537
7561
7538
7562
7539
7563
7540
7564
7541
7565
7542
7566
7543
7567
7544
7568
7545
7569
7546
7570
7547
7571
7548
7572
7549
7573
7574
7551
7575
7552
7576
7553
7577
7554
7578
7555
7579
7556
7580
7557
7581
7558
7582
7559
7583
7560
7584
7561
7585
7562
7586
7563
7587
7564
7588
7565
7589
7566
7590
7567
7591
7568
7592
7569
7593
7570
7594
7571
7595
7572
7596
7573
7597
7574
7598
7599
7576
7600
7577
7601
7578
7602
7579
7603
7580
7604
7581
7605
7582
7606
7583
7607
7584
7608
7585
7609
7586
7610
7587
7611
7588
7612
7589
7613
7590
7614
7591
7615
7592
7616
7593
7617
7594
7618
7595
7619
7596
7620
7597
7621
7598
7622
7599
7623
7624
7601
7625
7602
7626
7603
7627
7604
7628
7605
7629
7606
7630
7607
7631
7608
7632
7609
7633
7610
7634
7611
7635
7612
7636
7613
7637
7614
7638
7615
7639
7616
7640
7617
7641
7618
7642
7619
7643
7620
7644
7621
7645
7622
7646
7623
7647
7624
7648
7649
7626
7650
7627
7651
7628
7652
7629
7653
7630
7654
7631
7655
7632
7656
7633
7657
7634
7658
7635
7659
7636
7660
7637
7661
7638
7662
7639
7663
7640
7664
7641
7665
7642
7666
7643
7667
7644
7668
7645
7669
7646
7670
7647
7671
7648
7672
7649
7673
7674
7651
7675
7652
7676
7653
7677
7654
7678
7655
7679
7656
7680
7657
7681
7658
7682
7659
7683
7660
7684
7661
7685
7662
7686
7663
7687
7664
7688
7665
7689
7666
7690
7667
7691
7668
7692
7669
7693
7670
7694
7671
7695
7672
7696
7673
7697
7674
7698
7699
7676
7700
7677
7701
7678
7702
7679
7703
7680
7704
7681
7705
7682
7706
7683
7707
7684
7708
7685
7709
7686
7710
7687
7711
7688
7712
7689
7713
7690
7714
7691
7715
7692
7716
7693
7717
7694
7718
7695
7719
7696
7720
7697
7721
7698
7722
7699
7723
7724
7701
7725
7702
7726
7703
7727
7704
7728
7705
7729
7706
7730
7707
7731
7708
7732
7709
7733
7710
7734
7711
7735
7712
7736
7713
7737
7714
7738
7715
7739
7716
7740
7717
7741
7718
7742
7719
7743
7720
7744
7721
7745
7722
7746
7723
7747
7724
7748
7749
7726
7750
7727
7751
7728
7752
7729
7753
7730
7754
7731
7755
7732
7756
7733
7757
7734
7758
7735
7759
7736
7760
7737
7761
7738
7762
7739
7763
7740
7764
7741
7765
7742
7766
7743
7767
7744
7768
7745
7769
7746
7770
7747
7771
7748
7772
7749
7773
7774
7751
7775
7752
7776
7753
7777
7754
7778
7755
7779
7756
7780
7757
7781
7758
7782
7759
7783
7760
7784
7761
7785
7762
7786
7763
7787
7764
7788
7765
7789
7766
7790
7767
7791
7768
7792
7769
7793
7770
7794
7771
7795
7772
7796
7773
7797
7774
7798
7799
7776
7800
7777
7801
7778
7802
7779
7803
7780
7804
7781
7805
7782
7806
7783
7807
7784
7808
7785
7809
7786
7810
7787
7811
7788
7812
7789
7813
7790
7814
7791
7815
7792
7816
7793
7817
7794
7818
7795
7819
7796
7820
7797
7821
7798
7822
7799
7823
7824
7801
7825
7802
7826
7803
7827
7804
7828
7805
7829
7806
7830
7807
7831
7808
7832
7809
7833
7810
7834
7811
7835
7812
7836
7813
7837
7814
7838
7815
7839
7816
7840
7817
7841
7818
7842
7819
7843
7820
7844
7821
7845
7822
7846
7823
7847
7824
7848
7849
7826
7850
7827
7851
7828
7852
7829
7853
7830
7854
7831
7855
7832
7856
7833
7857
7834
7858
7835
7859
7836
7860
7837
7861
7838
7862
7839
7863
7840
7864
7841
7865
7842
7866
7843
7867
7844
7868
7845
7869
7846
7870
7847
7871
7848
7872
7849
7873
7874
7851
7875
7852
7876
7853
7877
7854
7878
7855
7879
7856
7880
7857
7881
7858
7882
7859
7883
7860
7884
7861
7885
7862
7886
7863
7887
7864
7888
7865
7889
7866
7890
7867
7891
7868
7892
7869
7893
7870
7894
7871
7895
7872
7896
7873
7897
7874
7898
7899
7876
7900
7877
7901
7878
7902
7879
7903
7880
7904
7881
7905
7882
7906
7883
7907
7884
7908
7885
7909
7886
7910
7887
7911
7888
7912
7889
7913
7890
7914
7891
7915
7892
7916
7893
7917
7894
7918
7895
7919
7896
7920
7897
7921
7898
7922
7899
7923
7924
7901
7925
7902
7926
7903
7927
7904
7928
7905
7929
7906
7930
7907
7931
7908
7932
7909
7933
7910
7934
7911
7935
7912
7936
7913
7937
7914
7938
7915
7939
7916
7940
7917
7941
7918
7942
7919
7943
7920
7944
7921
7945
7922
7946
7923
7947
7924
7948
7949
7926
7950
7927
7951
7928
7952
7929
7953
7930
7954
7931
7955
7932
7956
7933
7957
7934
7958
7935
7959
7936
7960
7937
7961
7938
7962
7939
7963
7940
7964
7941
7965
7942
7966
7943
7967
7944
7968
7945
7969
7946
7970
7947
7971
7948
7972
7949
7973
7974
7951
7975
7952
7976
7953
7977
7954
7978
7955
7979
7956
7980
7957
7981
7958
7982
7959
7983
7960
7984
7961
7985
7962
7986
7963
7987
7964
7988
7965
7989
7966
7990
7967
7991
7968
7992
7969
7993
7970
7994
7971
7995
7972
7996
7973
7997
7974
7998
7999
7976
8000
7977
8001
7978
8002
7979
8003
7980
8004
7981
8005
7982
8006
7983
8007
7984
8008
7985
8009
7986
8010
7987
8011
7988
8012
7989
8013
7990
8014
7991
8015
7992
8016
7993
8017
7994
8018
7995
8019
7996
8020
7997
8021
7998
8022
7999
8023
8024
8001
8025
8002
8026
8003
8027
8004
8028
8005
8029
8006
8030
8007
8031
8008
8032
8009
8033
8010
8034
8011
8035
8012
8036
8013
8037
8014
8038
8015
8039
8016
8040
8017
8041
8018
8042
8019
8043
8020
8044
8021
8045
8022
8046
8023
8047
8024
8048
8049
8026
8050
8027
8051
8028
8052
8029
8053
8030
8054
8031
8055
8032
8056
8033
8057
8034
8058
8035
8059
8036
8060
8037
8061
8038
8062
8039
8063
8040
8064
8041
8065
8042
8066
8043
8067
8044
8068
8045
8069
8046
8070
8047
8071
8048
8072
8049
8073
8074
8051
8075
8052
8076
8053
8077
8054
8078
8055
8079
8056
8080
8057
8081
8058
8082
8059
8083
8060
8084
8061
8085
8062
8086
8063
8087
8064
8088
8065
8089
8066
8090
8067
8091
8068
8092
8069
8093
8070
8094
8071
8095
8072
8096
8073
8097
8074
8098
8099
8076
8100
8077
8101
8078
8102
8079
8103
8080
8104
8081
8105
8082
8106
8083
8107
8084
8108
8085
8109
8086
8110
8087
8111
8088
8112
8089
8113
8090
8114
8091
8115
8092
8116
8093
8117
8094
8118
8095
8119
8096
8120
8097
8121
8098
8122
8099
8123
8124
8101
8125
8102
8126
8103
8127
8104
8128
8105
8129
8106
8130
8107
8131
8108
8132
8109
8133
8110
8134
8111
8135
8112
8136
8113
8137
8114
8138
8115
8139
8116
8140
8117
8141
8118
8142
8119
8143
8120
8144
8121
8145
8122
8146
8123
8147
8124
8148
8149
8126
8150
8127
8151
8128
8152
8129
8153
8130
8154
8131
8155
8132
8156
8133
8157
8134
8158
8135
8159
8136
8160
8137
8161
8138
8162
8139
8163
8140
8164
8141
8165
8142
8166
8143
8167
8144
8168
8145
8169
8146
8170
8147
8171
8148
8172
8149
8173
8174
8151
8175
8152
8176
8153
8177
8154
8178
8155
8179
8156
8180
8157
8181
8158
8182
8159
8183
8160
8184
8161
8185
8162
8186
8163
8187
8164
8188
8165
8189
8166
8190
8167
8191
8168
8192
8169
8193
8170
8194
8171
8195
8172
8196
8173
8197
8174
8198
8199
8176
8200
8177
8201
8178
8202
8179
8203
8180
8204
8181
8205
8182
8206
8183
8207
8184
8208
8185
8209
8186
8210
8187
8211
8188
8212
8189
8213
8190
8214
8191
8215
8192
8216
8193
8217
8194
8218
8195
8219
8196
8220
8197
8221
8198
8222
8199
8223
8224
8201
8225
8202
8226
8203
8227
8204
8228
8205
8229
8206
8230
8207
8231
8208
8232
8209
8233
8210
8234
8211
8235
8212
8236
8213
8237
8214
8238
8215
8239
8216
8240
8217
8241
8218
8242
8219
8243
8220
8244
8221
8245
8222
8246
8223
8247
8224
8248
8249
8226
8250
8227
8251
8228
8252
8229
8253
8230
8254
8231
8255
8232
8256
8233
8257
8234
8258
8235
8259
8236
8260
8237
8261
8238
8262
8239
8263
8240
8264
8241
8265
8242
8266
8243
8267
8244
8268
8245
8269
8246
8270
8247
8271
8248
8272
8249
8273
8274
8251
8275
8252
8276
8253
8277
8254
8278
8255
8279
8256
8280
8257
8281
8258
8282
8259
8283
8260
8284
8261
8285
8262
8286
8263
8287
8264
8288
8265
8289
8266
8290
8267
8291
8268
8292
8269
8293
8270
8294
8271
8295
8272
8296
8273
8297
8274
8298
8299
8276
8300
8277
8301
8278
8302
8279
8303
8280
8304
8281
8305
8282
8306
8283
8307
8284
8308
8285
8309
8286
8310
8287
8311
8288
8312
8289
8313
8290
8314
8291
8315
8292
8316
8293
8317
8294
8318
8295
8319
8296
8320
8297
8321
8298
8322
8299
8323
8324
8301
8325
8302
8326
8303
8327
8304
8328
8305
8329
8306
8330
8307
8331
8308
8332
8309
8333
8310
8334
8311
8335
8312
8336
8313
8337
8314
8338
8315
8339
8316
8340
8317
8341
8318
8342
8319
8343
8320
8344
8321
8345
8322
8346
8323
8347
8324
8348
8349
8326
8350
8327
8351
8328
8352
8329
8353
8330
8354
8331
8355
8332
8356
8333
8357
8334
8358
8335
8359
8336
8360
8337
8361
8338
8362
8339
8363
8340
8364
8341
8365
8342
8366
8343
8367
8344
8368
8345
8369
8346
8370
8347
8371
8348
8372
8349
8373
8374
8351
8375
8352
8376
8353
8377
8354
8378
8355
8379
8356
8380
8357
8381
8358
8382
8359
8383
8360
8384
8361
8385
8362
8386
8363
8387
8364
8388
8365
8389
8366
8390
8367
8391
8368
8392
8369
8393
8370
8394
8371
8395
8372
8396
8373
8397
8374
8398
8399
8376
8400
8377
8401
8378
8402
8379
8403
8380
8404
8381
8405
8382
8406
8383
8407
8384
8408
8385
8409
8386
8410
8387
8411
8388
8412
8389
8413
8390
8414
8391
8415
8392
8416
8393
8417
8394
8418
8395
8419
8396
8420
8397
8421
8398
8422
8399
8423
8424
8401
8425
8402
8426
8403
8427
8404
8428
8405
8429
8406
8430
8407
8431
8408
8432
8409
8433
8410
8434
8411
8435
8412
8436
8413
8437
8414
8438
8415
8439
8416
8440
8417
8441
8418
8442
8419
8443
8420
8444
8421
8445
8422
8446
8423
8447
8424
8448
8449
8426
8450
8427
8451
8428
8452
8429
8453
8430
8454
8431
8455
8432
8456
8433
8457
8434
8458
8435
8459
8436
8460
8437
8461
8438
8462
8439
8463
8440
8464
8441
8465
8442
8466
8443
8467
8444
8468
8445
8469
8446
8470
8447
8471
8448
8472
8449
8473
8474
8451
8475
8452
8476
8453
8477
8454
8478
8455
8479
8456
8480
8457
8481
8458
8482
8459
8483
8460
8484
8461
8485
8462
8486
8463
8487
8464
8488
8465
8489
8466
8490
8467
8491
8468
8492
8469
8493
8470
8494
8471
8495
8472
8496
8473
8497
8474
8498
8499
8476
8500
8477
8501
8478
8502
8479
8503
8480
8504
8481
8505
8482
8506
8483
8507
8484
8508
8485
8509
8486
8510
8487
8511
8488
8512
8489
8513
8490
8514
8491
8515
8492
8516
8493
8517
8494
8518
8495
8519
8496
8520
8497
8521
8498
8522
8499
8523
8524
8501
8525
8502
8526
8503
8527
8504
8528
8505
8529
8506
8530
8507
8531
8508
8532
8509
8533
8510
8534
8511
8535
8512
8536
8513
8537
8514
8538
8515
8539
8516
8540
8517
8541
8518
8542
8519
8543
8520
8544
8521
8545
8522
8546
8523
8547
8524
8548
8549
8526
8550
8527
8551
8528
8552
8529
8553
8530
8554
8531
8555
8532
8556
8533
8557
8534
8558
8535
8559
8536
8560
8537
8561
8538
8562
8539
8563
8540
8564
8541
8565
8542
8566
8543
8567
8544
8568
8545
8569
8546
8570
8547
8571
8548
8572
8549
8573
8574
8551
8575
8552
8576
8553
8577
8554
8578
8555
8579
8556
8580
8557
8581
8558
8582
8559
8583
8560
8584
8561
8585
8562
8586
8563
8587
8564
8588
8565
8589
8566
8590
8567
8591
8568
8592
8569
8593
8570
8594
8571
8595
8572
8596
8573
8597
8574
8598
8599
8576
8600
8577
8601
8578
8602
8579
8603
8580
8604
8581
8605
8582
8606
8583
8607
8584
8608
8585
8609
8586
8610
8587
8611
8588
8612
8589
8613
8590
8614
8591
8615
8592
8616
8593
8617
8594
8618
8595
8619
8596
8620
8597
8621
8598
8622
8599
8623
8624
8601
8625
8602
8626
8603
8627
8604
8628
8605
8629
8606
8630
8607
8631
8608
8632
8609
8633
8610
8634
8611
8635
8612
8636
8613
8637
8614
8638
8615
8639
8616
8640
8617
8641
8618
8642
8619
8643
8620
8644
8621
8645
8622
8646
8623
8647
8624
8648
8649
8626
8650
8627
8651
8628
8652
8629
8653
8630
8654
8631
8655
8632
8656
8633
8657
8634
8658
8635
8659
8636
8660
8637
8661
8638
8662
8639
8663
8640
8664
8641
8665
8642
8666
8643
8667
8644
8668
8645
8669
8646
8670
8647
8671
8648
8672
8649
8673
8674
8651
8675
8652
8676
8653
8677
8654
8678
8655
8679
8656
8680
8657
8681
8658
8682
8659
8683
8660
8684
8661
8685
8662
8686
8663
8687
8664
8688
8665
8689
8666
8690
8667
8691
8668
8692
8669
8693
8670
8694
8671
8695
8672
8696
8673
8697
8674
8698
8699
8676
8700
8677
8701
8678
8702
8679
8703
8680
8704
8681
8705
8682
8706
8683
8707
8684
8708
8685
8709
8686
8710
8687
8711
8688
8712
8689
8713
8690
8714
8691
8715
8692
8716
8693
8717
8694
8718
8695
8719
8696
8720
8697
8721
8698
8722
8699
8723
8724
8701
8725
8702
8726
8703
8727
8704
8728
8705
8729
8706
8730
8707
8731
8708
8732
8709
8733
8710
8734
8711
8735
8712
8736
8713
8737
8714
8738
8715
8739
8716
8740
8717
8741
8718
8742
8719
8743
8720
8744
8721
8745
8722
8746
8723
8747
8724
8748
8749
8726
8750
8727
8751
8728
8752
8729
8753
8730
8754
8731
8755
8732
8756
8733
8757
8734
8758
8735
8759
8736
8760
8737
8761
8738
8762
8739
8763
8740
8764
8741
8765
8742
8766
8743
8767
8744
8768
8745
8769
8746
8770
8747
8771
8748
8772
8749
8773
8774
8751
8775
8752
8776
8753
8777
8754
8778
8755
8779
8756
8780
8757
8781
8758
8782
8759
8783
8760
8784
8761
8785
8762
8786
8763
8787
8764
8788
8765
8789
8766
8790
8767
8791
8768
8792
8769
8793
8770
8794
8771
8795
8772
8796
8773
8797
8774
8798
8799
8776
8800
8777
8801
8778
8802
8779
8803
8780
8804
8781
8805
8782
8806
8783
8807
8784
8808
8785
8809
8786
8810
8787
8811
8788
8812
8789
8813
8790
8814
8791
8815
8792
8816
8793
8817
8794
8818
8795
8819
8796
8820
8797
8821
8798
8822
8799
8823
8824
8801
8825
8802
8826
8803
8827
8804
8828
8805
8829
8806
8830
8807
8831
8808
8832
8809
8833
8810
8834
8811
8835
8812
8836
8813
8837
8814
8838
8815
8839
8816
8840
8817
8841
8818
8842
8819
8843
8820
8844
8821
8845
8822
8846
8823
8847
8824
8848
8849
8826
8850
8827
8851
8828
8852
8829
8853
8830
8854
8831
8855
8832
8856
8833
8857
8834
8858
8835
8859
8836
8860
8837
8861
8838
8862
8839
8863
8840
8864
8841
8865
8842
8866
8843
8867
8844
8868
8845
8869
8846
8870
8847
8871
8848
8872
8849
8873
8874
8851
8875
8852
8876
8853
8877
8854
8878
8855
8879
8856
8880
8857
8881
8858
8882
8859
8883
8860
8884
8861
8885
8862
8886
8863
8887
8864
8888
8865
8889
8866
8890
8867
8891
8868
8892
8869
8893
8870
8894
8871
8895
8872
8896
8873
8897
8874
8898
8899
8876
8900
8877
8901
8878
8902
8879
8903
8880
8904
8881
8905
8882
8906
8883
8907
8884
8908
8885
8909
8886
8910
8887
8911
8888
8912
8889
8913
8890
8914
8891
8915
8892
8916
8893
8917
8894
8918
8895
8919
8896
8920
8897
8921
8898
8922
8899
8923
8924
8901
8925
8902
8926
8903
8927
8904
8928
8905
8929
8906
8930
8907
8931
8908
8932
8909
8933
8910
8934
8911
8935
8912
8936
8913
8937
8914
8938
8915
8939
8916
8940
8917
8941
8918
8942
8919
8943
8920
8944
8921
8945
8922
8946
8923
8947
8924
8948
8949
8926
8950
8927
8951
8928
8952
8929
8953
8930
8954
8931
8955
8932
8956
8933
8957
8934
8958
8935
8959
8936
8960
8937
8961
8938
8962
8939
8963
8940
8964
8941
8965
8942
8966
8943
8967
8944
8968
8945
8969
8946
8970
8947
8971
8948
8972
8949
8973
8974
8951
8975
8952
8976
8953
8977
8954
8978
8955
8979
8956
8980
8957
8981
8958
8982
8959
8983
8960
8984
8961
8985
8962
8986
8963
8987
8964
8988
8965
8989
8966
8990
8967
8991
8968
8992
8969
8993
8970
8994
8971
8995
8972
8996
8973
8997
8974
8998
8999
8976
9000
8977
9001
8978
9002
8979
9003
8980
9004
8981
9005
8982
9006
8983
9007
8984
9008
8985
9009
8986
9010
8987
9011
8988
9012
8989
9013
8990
9014
8991
9015
8992
9016
8993
9017
8994
9018
8995
9019
8996
9020
8997
9021
8998
9022
8999
9023
9024
9001
9025
9002
9026
9003
9027
9004
9028
9005
9029
9006
9030
9007
9031
9008
9032
9009
9033
9010
9034
9011
9035
9012
9036
9013
9037
9014
9038
9015
9039
9016
9040
9017
9041
9018
9042
9019
9043
9020
9044
9021
9045
9022
9046
9023
9047
9024
9048
9049
9026
9050
9027
9051
9028
9052
9029
9053
9030
9054
9031
9055
9032
9056
9033
9057
9034
9058
9035
9059
9036
9060
9037
9061
9038
9062
9039
9063
9040
9064
9041
9065
9042
9066
9043
9067
9044
9068
9045
9069
9046
9070
9047
9071
9048
9072
9049
9073
9074
9051
9075
9052
9076
9053
9077
9054
9078
9055
9079
9056
9080
9057
9081
9058
9082
9059
9083
9060
9084
9061
9085
9062
9086
9063
9087
9064
9088
9065
9089
9066
9090
9067
9091
9068
9092
9069
9093
9070
9094
9071
9095
9072
9096
9073
9097
9074
9098
9099
9076
9100
9077
9101
9078
9102
9079
9103
9080
9104
9081
9105
9082
9106
9083
9107
9084
9108
9085
9109
9086
9110
9087
9111
9088
9112
9089
9113
9090
9114
9091
9115
9092
9116
9093
9117
9094
9118
9095
9119
9096
9120
9097
9121
9098
9122
9099
9123
9124
9101
9125
9102
9126
9103
9127
9104
9128
9105
9129
9106
9130
9107
9131
9108
9132
9109
9133
9110
9134
9111
9135
9112
9136
9113
9137
9114
9138
9115
9139
9116
9140
9117
9141
9118
9142
9119
9143
9120
9144
9121
9145
9122
9146
9123
9147
9124
9148
9149
9126
9150
9127
9151
9128
9152
9129
9153
9130
9154
9131
9155
9132
9156
9133
9157
9134
9158
9135
9159
9136
9160
9137
9161
9138
9162
9139
9163
9140
9164
9141
9165
9142
9166
9143
9167
9144
9168
9145
9169
9146
9170
9147
9171
9148
9172
9149
9173
9174
9151
9175
9152
9176
9153
9177
9154
9178
9155
9179
9156
9180
9157
9181
9158
9182
9159
9183
9160
9184
9161
9185
9162
9186
9163
9187
9164
9188
9165
9189
9166
9190
9167
9191
9168
9192
9169
9193
9170
9194
9171
9195
9172
9196
9173
9197
9174
9198
9199
9176
9200
9177
9201
9178
9202
9179
9203
9180
9204
9181
9205
9182
9206
9183
9207
9184
9208
9185
9209
9186
9210
9187
9211
9188
9212
9189
9213
9190
9214
9191
9215
9192
9216
9193
9217
9194
9218
9195
9219
9196
9220
9197
9221
9198
9222
9199
9223
9224
9201
9225
9202
9226
9203
9227
9204
9228
9205
9229
9206
9230
9207
9231
9208
9232
9209
9233
9210
9234
9211
9235
9212
9236
9213
9237
9214
9238
9215
9239
9216
9240
9217
9241
9218
9242
9219
9243
9220
9244
9221
9245
9222
9246
9223
9247
9224
9248
9249
9226
9250
9227
9251
9228
9252
9229
9253
9230
9254
9231
9255
9232
9256
9233
9257
9234
9258
9235
9259
9236
9260
9237
9261
9238
9262
9239
9263
9240
9264
9241
9265
9242
9266
9243
9267
9244
9268
9245
9269
9246
9270
9247
9271
9248
9272
9249
9273
9274
9251
9275
9252
9276
9253
9277
9254
9278
9255
9279
9256
9280
9257
9281
9258
9282
9259
9283
9260
9284
9261
9285
9262
9286
9263
9287
9264
9288
9265
9289
9266
9290
9267
9291
9268
9292
9269
9293
9270
9294
9271
9295
9272
9296
9273
9297
9274
9298
9299
9276
9300
9277
9301
9278
9302
9279
9303
9280
9304
9281
9305
9282
9306
9283
9307
9284
9308
9285
9309
9286
9310
9287
9311
9288
9312
9289
9313
9290
9314
9291
9315
9292
9316
9293
9317
9294
9318
9295
9319
9296
9320
9297
9321
9298
9322
9299
9323
9324
9301
9325
9302
9326
9303
9327
9304
9328
9305
9329
9306
9330
9307
9331
9308
9332
9309
9333
9310
9334
9311
9335
9312
9336
9313
9337
9314
9338
9315
9339
9316
9340
9317
9341
9318
9342
9319
9343
9320
9344
9321
9345
9322
9346
9323
9347
9324
9348
9349
9326
9350
9327
9351
9328
9352
9329
9353
9330
9354
9331
9355
9332
9356
9333
9357
9334
9358
9335
9359
9336
9360
9337
9361
9338
9362
9339
9363
9340
9364
9341
9365
9342
9366
9343
9367
9344
9368
9345
9369
9346
9370
9347
9371
9348
9372
9349
9373
9374
9351
9375
9352
9376
9353
9377
9354
9378
9355
9379
9356
9380
9357
9381
9358
9382
9359
9383
9360
9384
9361
9385
9362
9386
9363
9387
9364
9388
9365
9389
9366
9390
9367
9391
9368
9392
9369
9393
9370
9394
9371
9395
9372
9396
9373
9397
9374
9398
9399
9376
9400
9377
9401
9378
9402
9379
9403
9380
9404
9381
9405
9382
9406
9383
9407
9384
9408
9385
9409
9386
9410
9387
9411
9388
9412
9389
9413
9390
9414
9391
9415
9392
9416
9393
9417
9394
9418
9395
9419
9396
9420
9397
9421
9398
9422
9399
9423
9424
9401
9425
9402
9426
9403
9427
9404
9428
9405
9429
9406
9430
9407
9431
9408
9432
9409
9433
9410
9434
9411
9435
9412
9436
9413
9437
9414
9438
9415
9439
9416
9440
9417
9441
9418
9442
9419
9443
9420
9444
9421
9445
9422
9446
9423
9447
9424
9448
9449
9426
9450
9427
9451
9428
9452
9429
9453
9430
9454
9431
9455
9432
9456
9433
9457
9434
9458
9435
9459
9436
9460
9437
9461
9438
9462
9439
9463
9440
9464
9441
9465
9442
9466
9443
9467
9444
9468
9445
9469
9446
9470
9447
9471
9448
9472
9449
9473
9474
9451
9475
9452
9476
9453
9477
9454
9478
9455
9479
9456
9480
9457
9481
9458
9482
9459
9483
9460
9484
9461
9485
9462
9486
9463
9487
9464
9488
9465
9489
9466
9490
9467
9491
9468
9492
9469
9493
9470
9494
9471
9495
9472
9496
9473
9497
9474
9498
9499
9476
9500
9477
9501
9478
9502
9479
9503
9480
9504
9481
9505
9482
9506
9483
9507
9484
9508
9485
9509
9486
9510
9487
9511
9488
9512
9489
9513
9490
9514
9491
9515
9492
9516
9493
9517
9494
9518
9495
9519
9496
9520
9497
9521
9498
9522
9499
9523
9524
9501
9525
9502
9526
9503
9527
9504
9528
9505
9529
9506
9530
9507
9531
9508
9532
9509
9533
9510
9534
9511
9535
9512
9536
9513
9537
9514
9538
9515
9539
9516
9540
9517
9541
9518
9542
9519
9543
9520
9544
9521
9545
9522
9546
9523
9547
9524
9548
9549
9526
9550
9527
9551
9528
9552
9529
9553
9530
9554
9531
9555
9532
9556
9533
9557
9534
9558
9535
9559
9536
9560
9537
9561
9538
9562
9539
9563
9540
9564
9541
9565
9542
9566
9543
9567
9544
9568
9545
9569
9546
9570
9547
9571
9548
9572
9549
9573
9574
9551
9575
9552
9576
9553
9577
9554
9578
9555
9579
9556
9580
9557
9581
9558
9582
9559
9583
9560
9584
9561
9585
9562
9586
9563
9587
9564
9588
9565
9589
9566
9590
9567
9591
9568
9592
9569
9593
9570
9594
9571
9595
9572
9596
9573
9597
9574
9598
9599
9576
9600
9577
9601
9578
9602
9579
9603
9580
9604
9581
9605
9582
9606
9583
9607
9584
9608
9585
9609
9586
9610
9587
9611
9588
9612
9589
9613
9590
9614
9591
9615
9592
9616
9593
9617
9594
9618
9595
9619
9596
9620
9597
9621
9598
9622
9599
9623
9624
9601
9625
9602
9626
9603
9627
9604
9628
9605
9629
9606
9630
9607
9631
9608
9632
9609
9633
9610
9634
9611
9635
9612
9636
9613
9637
9614
9638
9615
9639
9616
9640
9617
9641
9618
9642
9619
9643
9620
9644
9621
9645
9622
9646
9623
9647
9624
9648
9649
9626
9650
9627
9651
9628
9652
9629
9653
9630
9654
9631
9655
9632
9656
9633
9657
9634
9658
9635
9659
9636
9660
9637
9661
9638
9662
9639
9663
9640
9664
9641
9665
9642
9666
9643
9667
9644
9668
9645
9669
9646
9670
9647
9671
9648
9672
9649
9673
9674
9651
9675
9652
9676
9653
9677
9654
9678
9655
9679
9656
9680
9657
9681
9658
9682
9659
9683
9660
9684
9661
9685
9662
9686
9663
9687
9664
9688
9665
9689
9666
9690
9667
9691
9668
9692
9669
9693
9670
9694
9671
9695
9672
9696
9673
9697
9674
9698
9699
9676
9700
9677
9701
9678
9702
9679
9703
9680
9704
9681
9705
9682
9706
9683
9707
9684
9708
9685
9709
9686
9710
9687
9711
9688
9712
9689
9713
9690
9714
9691
9715
9692
9716
9693
9717
9694
9718
9695
9719
9696
9720
9697
9721
9698
9722
9699
9723
9724
9701
9725
9702
9726
9703
9727
9704
9728
9705
9729
9706
9730
9707
9731
9708
9732
9709
9733
9710
9734
9711
9735
9712
9736
9713
9737
9714
9738
9715
9739
9716
9740
9717
9741
9718
9742
9719
9743
9720
9744
9721
9745
9722
9746
9723
9747
9724
9748
9749
9726
9750
9727
9751
9728
9752
9729
9753
9730
9754
9731
9755
9732
9756
9733
9757
9734
9758
9735
9759
9736
9760
9737
9761
9738
9762
9739
9763
9740
9764
9741
9765
9742
9766
9743
9767
9744
9768
9745
9769
9746
9770
9747
9771
9748
9772
9749
9773
9774
9751
9775
9752
9776
9753
9777
9754
9778
9755
9779
9756
9780
9757
9781
9758
9782
9759
9783
9760
9784
9761
9785
9762
9786
9763
9787
9764
9788
9765
9789
9766
9790
9767
9791
9768
9792
9769
9793
9770
9794
9771
9795
9772
9796
9773
9797
9774
9798
9799
9776
9800
9777
9801
9778
9802
9779
9803
9780
9804
9781
9805
9782
9806
9783
9807
9784
9808
9785
9809
9786
9810
9787
9811
9788
9812
9789
9813
9790
9814
9791
9815
9792
9816
9793
9817
9794
9818
9795
9819
9796
9820
9797
9821
9798
9822
9799
9823
9824
9801
9825
9802
9826
9803
9827
9804
9828
9805
9829
9806
9830
9807
9831
9808
9832
9809
9833
9810
9834
9811
9835
9812
9836
9813
9837
9814
9838
9815
9839
9816
9840
9817
9841
9818
9842
9819
9843
9820
9844
9821
9845
9822
9846
9823
9847
9824
9848
9849
9826
9850
9827
9851
9828
9852
9829
9853
9830
9854
9831
9855
9832
9856
9833
9857
9834
9858
9835
9859
9836
9860
9837
9861
9838
9862
9839
9863
9840
9864
9841
9865
9842
9866
9843
9867
9844
9868
9845
9869
9846
9870
9847
9871
9848
9872
9849
9873
9874
9851
9875
9852
9876
9853
9877
9854
9878
9855
9879
9856
9880
9857
9881
9858
9882
9859
9883
9860
9884
9861
9885
9862
9886
9863
9887
9864
9888
9865
9889
9866
9890
9867
9891
9868
9892
9869
9893
9870
9894
9871
9895
9872
9896
9873
9897
9874
9898
9899
9876
9877
9878
9879
9880
9881
9882
9883
9884
9885
9886
9887
9888
9889
9890
9891
9892
9893
9894
9895
9896
9897
9898
9899
)


// ************************************************************************* //
